data/state_boating/state_boating_openses.asc
ncols         645
nrows         454
xllcorner     0
yllcorner     0
cellsize      1
NODATA_value  -99.
[rows 264 to 287 of 454, columns 486 to 539 of 645]
45.20745706732587 45.46612231295823 45.72879777731581 45.995412973640654 46.26589871208895 46.540187060026184 46.81821129160704 47.0999058300858 47.38520618622515 47.67404889597368 47.96637146012958 48.2621122882715 48.56121064873039 48.863606625853635 49.169241085394134 49.47805564847461 49.7899926742116 50.10499525052314 50.4230071918391 50.74397304104647 51.06783807097813 51.3945482783766 51.724050361607986 52.056291674607415 52.39122015723243 52.72878426030906 53.068932914879404 53.41161563588309 53.75678288535898 54.10438681487147 54.45438240815044 54.80672879249276 55.161390051520065 55.518334319968695 55.87752952630828 56.238934381360465 56.60248482752897 56.96807985731338 57.335576356006904 57.704808559313605 58.075649060039574 58.44811770966815 58.82251587396624 59.19951686194449 59.58008949216243 59.96508978152844 60.35436786938156 60.74543329808023 61.13236145922651 61.50666186237912 61.86153913821407 62.196912397337854 62.51946761577936 62.83770380545601
45.63726492300118 45.89350248827923 46.153741773995186 46.41791331879247 46.68594891723496 46.95778159100044 47.23334554813425 47.51257613344555 47.795409773152755 48.08178391689468 48.37163697983763 48.664908287286465 48.96153802375156 49.261467187953095 49.564637554830334 49.870991645195794 50.18047270343229 50.49302468316919 50.808592240397104 51.12712073260984 51.448556221077695 51.77284547140395 52.09993594522009 52.429775774614455 52.76231371279633 53.09749906317342 53.43528160813628 53.775611590315116 54.11843983853067 54.46371816115593 54.81140011672145 55.16144216305261 55.51380492590238 55.86845389424434 56.22535831900833 56.584486725718314 56.94579775446246 57.30922672270791 57.674672003299946 58.04199091602212 58.41102042511872 58.781638796244174 59.153873451688206 59.528031712324115 59.90478585819408 60.28509231573256 60.66978515066184 61.05869772622563 61.44936011021855 61.8359428249891 62.21011528161164 62.565192592920475 62.901028515032095 63.22412071974202
46.068493629347884 46.32233975209938 46.58017866903587 46.84194193989715 47.10756233457796 47.37697381490489 47.6501115036505 47.926911643417526 48.20731154825086 48.491249550861575 48.778664948216594 49.069497947918705 49.36368961746056 49.66118183803539 49.96191726415233 50.265839289907404 50.57289202249856 50.88302026322135 51.1961694958308 51.51228588164352 51.83131625978031 52.15320814950893 52.47790974965626 52.80536992790728 53.13553819200149 53.468364637433204 53.80379987587705 54.14179496855442 54.482301420390705 54.825271328607315 55.1706578055234 55.51841577495455 55.86850312365661 56.22088192239054 56.57551900060193 56.93238465122633 57.29144792384458 57.65266733516522 58.01597756726515 58.38127641636834 58.7484217160745 59.117253217428356 59.487654811428925 59.85966127614748 60.23358554226994 60.6100985686416 60.99014442767337 61.37453578775772 61.763090090706 62.15335811755622 62.539603433764604 62.91365068962518 63.26892226102253 63.60520936614998
46.5011042021051 46.75259447205275 47.008068196370346 47.267457953996654 47.53069748422351 47.79772167853959 48.0684665592452 48.342869247014924 48.62086791995086 48.90240176674113 49.18741093659197 49.475836488346786 49.76762034093579 50.06270522699383 50.36103465103785 50.66255285325787 50.96720477967961 51.27493605912066 51.58569298712 51.89942251666605 52.21607225495575 52.535590464481785 52.85792606520757 53.18302863262426 53.51084838458186 53.84133614934021 54.17444331064549 54.510121736127694 54.84832371608432 55.189001971323606 55.53210982466732 55.87760165232466 56.22543370355751 56.57556525040394 56.92795975659703 57.28258532903505 57.63941323129028 57.9984129680924 58.359542884876824 58.72273702202007 59.08789264368144 59.45486817403875 59.82350620341104 60.19369619550854 60.565480070970416 60.939176037597676 61.315453460113694 61.695244107497075 62.07933979383111 62.4675428563917 62.85742494444591 63.24334063100807 63.61726532614869 63.97272558842802
46.93505899152076 47.18422836748758 47.43737145745982 47.69442185941839 47.95531427862439 48.21998452886068 48.488369520284806 48.760407235648586 49.03603669705225 49.31519792556398 49.59783189619812 49.883880490602145 50.17328644961688 50.46599332761337 50.76194545014846 51.0610878761584 51.363366365578436 51.668727352997415 51.97711792770564 52.28848582023121 52.602779395128294 52.91994764912445 53.23994021280857 53.56270735240182 53.888199966313614 54.21636956943635 54.54716825818073 54.880548653295776 55.21646382885175 55.55486725726681 55.89571283152636 56.23895505972897 56.5845495440335 56.93245382103126 57.282628505765146 57.63503840425647 57.98965283963787 58.34644397756953 58.705381712908874 59.06642417648985 59.429504764446165 59.794520254610916 60.161329735887 60.529778684711786 60.89976208027151 61.27132877467395 61.64480193245817 62.02084906963075 62.40038971356925 62.784195356097975 63.172054010729966 63.56155831969592 63.947151879077865 64.32095655333245
47.3703216233322 47.617204449899916 47.868050861631 48.122795476513524 48.381373964255204 48.64372305612278 48.90978054151876 49.17948525263867 49.45277703899925 49.7295967338494 50.00988611473649 50.29358786044745 50.580645506473644 50.871003400910105 51.164606662435986 51.461401141738534 51.761333387397336 52.06435061697411 52.370400693828216 52.67943210992703 52.9913939747065 53.30623600962588 53.623908547484355 53.94436253445833 54.26754953128477 54.59342170817134 54.921931826538206 55.253033201190526 55.586679641238646 55.92282538033257 56.26142502867053 56.6024336102288 56.94580678036126 57.291501331190005 57.639476050087836 57.98969285407778 58.34211784208804 58.69672149406593 59.05347681192628 59.4123540194215 59.77331099373063 60.136280487677 60.501158839424875 60.86780587399965 61.23606999543446 61.605851636940656 61.97720637347657 62.350462017978025 62.72628400043814 63.10557967868207 63.4891007431747 63.8766216299057 64.26575607089391 64.65103475089558
47.80685694317845 48.05148696662903 48.300070069423775 48.55254189109715 48.808839065625854 49.06889923896426 49.33266107371308 49.60006424184331 49.87104940688453 50.1455581972932 50.42353317296882 50.70491778701068 50.98965634474123 51.277693961921955 51.56897652383933 51.863450646739 52.16106364273181 52.4617634890411 52.765498802274394 53.07221881807023 53.381873376393266 53.6944129124431 54.009788452739286 54.32795161538255 54.6488546122256 54.97245024930409 55.298691919980634 55.627533584145205 55.95892972767091 56.29283530187967 56.62920565562363 56.96799649501198 57.3091639361828 57.65266474584668 57.99845687190126 58.34650031736702 58.69675826142851 59.04919804774943 59.40379125545084 59.760511659517334 60.11932975504058 60.48020313054797 60.8430638996239 61.207808008049064 61.57429608560676 61.94237950022918 62.31196407396922 62.683111898691386 63.05615513911599 63.43175691836156 63.81081250590272 64.19405430052838 64.58124387394983 64.97001611909334
48.24463096426525 48.48704134770115 48.73339393891065 48.98362540062471 49.237673331728054 49.49547629157004 49.75697381198427 50.02210639758441 50.2908155153645 50.56304357499734 50.838733901538674 51.11783070238028 51.40027903038686 51.68602474507099 51.97501447348793 52.26719557239552 52.562516092893745 52.86092474854061 53.16237088772249 53.466804470763535 53.77417605215743 54.084436768080074 54.39753832908698 54.71343301754994 55.03207368860511 55.35341377230995 55.67740727314316 56.0040087613145 56.33317334941585 56.66485664939714 56.99901471097249 57.33560395616722 57.67458114744923 58.015903456485475 58.359528727413284 58.705416031374135 59.053526553200996 59.403824695510316 59.75627899976405 60.110862088302966 60.46754844864371 60.826308793157764 61.18710039054771 61.549854722098644 61.9144673889269 62.28079989134262 62.648706592578414 63.018098634937324 63.389044424199795 63.76188019171712 64.137266548349 64.51608676469804 64.89905444629217 65.2859189822537
48.68361081811494 48.92383415570624 49.16798847492518 49.41601146306529 49.66784168492563 49.923418612977756 50.18268264593594 50.445575116042136 50.71203828568283 50.98201533447789 51.2554503382263 51.532288241334165 51.81247482446577 52.0959566692231 52.38268112145574 52.67259625480567 52.96565083574996 53.26179429122876 53.56097667975943 53.863148666611316 54.168261503531895 54.47626701329345 54.78711757917388 55.10076613926393 55.417166185004824 55.7362717626716 56.058037475328206 56.38241848127622 56.70937048343641 57.03884970352951 57.37081283677508 57.70521698965862 58.04201961757504 58.38117850197297 58.72265183546152 59.0663985075133 59.41237868147126 59.760554691364796 60.110892125536374 60.46336067745896 60.81793395844724 61.17458711055632 61.53329101278809 61.89400258644183 62.25665269004863 62.62113662794276 62.98731683389079 63.355050693116304 63.72425459658746 64.09500306415751 64.46763611974987 64.84281167127807 65.22140108732175 65.60409966729593
49.123764708178705 49.36183303853118 49.60382078106841 49.849666648417866 50.0993101722833 50.35269173856906 50.609752611703215 50.870434948221636 51.13468179994591 51.402437107578834 51.67364568582042 51.94825320140618 52.22620614556311 52.50745180261287 52.791938216223144 53.07961415491472 53.37042907811213 53.664333103909534 53.9612769795225 54.26121205511109 54.5640902615554 54.86986409253178 55.178486591152065 55.489911341214956 55.804092462895355 56.12098461222202 56.440542982919176 56.76272330800697 57.08748185707191 57.41477542368836 57.74456129717318 58.076797215272705 58.41144130173205 58.74845200758951 59.08778809793429 59.429408753655 59.77327387914867 60.119344700313576 60.46758466886159 60.817960522116515 61.170443060899025 61.52500683292984 61.88162757932457 62.24027629829681 62.60090953957279 62.963457550792924 63.327815387412635 63.69384647671768 64.06141124812666 64.43043126702507 64.80098697080737 65.1734219127282 65.54839112093092 65.92675416540584
49.565061866147055 49.80100668479932 50.04085901438705 50.2845585928068 50.53204591931603 50.78326229378307 51.03814984594909 51.296651554605354 51.55871125677778 51.82427364747115 52.09328427076053 52.36568950343582 52.64143653245787 52.92047332777571 53.2027486119625 53.48821182816781 53.77681310773462 54.068503238671134 54.36323363599533 54.660956314768484 54.96162386644885 55.26518943901725 55.571606721196794 55.880829930966485 56.19281380839074 56.50751361252385 56.82488512165018 57.14488463532205 57.46746897547783 57.792595482420474 58.12022200025555 58.45030684632392 58.78280876211844 59.117686851086155 59.45490052415669 59.79440949665578 60.13617390686362 60.48015464524542 60.8263139719061 61.17461642571626 61.52502985716569 61.877526130848736 62.23208067998607 62.5886697916867 62.947264539122884 63.30782107942137 63.67026906333912 64.03450334517393 64.40038840290877 64.76778772810769 65.13662798401319 65.50699533246875 65.87923660330682 66.25400378117689
50.00747251073378 50.24132478184435 50.47907234257075 50.72065595502988 50.96601708609714 51.21509795002228 51.46784154186483 51.72419166155162 51.98409292845835 52.24749078685195 52.51433150269246 52.78456215276058 53.05813060717303 53.33498550663661 53.615076235779604 53.8983528939781 54.18476626501302 54.47426778675134 54.76680952192466 55.06234413089222 55.36082484707132 55.662205455608735 55.96644027564557 56.2734841464956 56.58329241782785 56.89582094391618 57.21102608157483 57.52886469101809 57.849294137966325 58.17227229411546 58.4977575317872 58.825708707328936 59.15608512837442 59.488846503224536 59.823952879342556 60.16136459367307 60.501042280153996 60.84294700524512 61.18704061808751 61.53328638577702 61.881649904794244 62.23210010381652 62.584609868730894 62.93915546895177 63.29571368692455 63.65425562949886 64.0147370431901 64.37708699774431 64.74120019370804 65.10694221405764 65.47417962645271 65.84284411338581 66.21302737162223 66.58507926500779
50.450967808758726 50.682757976026046 50.918430903536304 51.1579283754771 51.40119282563633 51.64816738269842 51.898795907144375 52.153023019479996 52.410794119610046 52.672055397447224 52.9367538350819 53.204837201189925 53.47625403856094 53.750953645892324 54.02888605505097 54.31000200511206 54.59425291444482 54.88159085207874 55.17196850938436 55.465339173047 55.76165670007236 56.06087549545098 56.362950492942936 56.66783713931919 56.97549138227017 57.28586966214246 57.59892890739127 57.9146265334397 58.23292044400958 58.553769033129925 58.877131184913324 59.202966266717844 59.531234110604345 59.86189497849945 60.19490951032271 60.53023866365355 60.86784366931792 61.20768604994075 61.5497277725131 61.893931618754486 62.24026183666201 62.58868505161922 62.93917123633901 63.29169425657243 63.646231170224624 64.00275920672844 64.36124946821398 64.72165727538442 65.08391113450881 65.44790563930148 65.81350752924772 66.1805864582099 66.5490790475514 66.91908234314012
50.89551983834748 51.125277835255126 51.35890576723196 51.59634643727194 51.83754324445923 52.08244023140113 52.33098212393193 52.58311436285575 52.8387831274836 53.097935350874224 53.360518726940484 53.626481709871854 53.895773506538326 54.168344062829334 54.44414404498903 54.72312481711104 55.00523841600888 55.29043752462147 55.5786754450537 55.86990607220001 56.16408386877183 56.46116384241021 56.76110152540525 57.063852957434 57.36937467156646 57.677623683799006 57.98855748611447 58.30213404306008 58.61831179136012 58.93704964157885 59.25830697994887 59.58204366729606 59.90822003071683 60.236796843100734 60.56773528628657 60.90099689832495 61.23654351466205 61.57433722952888 61.91434042592185 62.25651594512538 62.60082747662346 62.947240224195816 63.29572181421142 63.64624323007032 63.99877927697344 64.35330775521018 64.70980629509148 65.06824595840445 65.4285816274218 65.79074126398712 66.15461940131587 66.52008398410906 66.8870077589106 67.25533220411879
51.34110155407639 51.568856813527425 51.80046889953842 52.03588162951845 52.27503936527114 52.517887062089265 52.7643703107119 53.01443537197359 53.26802920388323 53.52509948095721 53.78559460578986 54.04946371315822 54.31665666709372 54.58712405168427 54.8608171565332 55.13768795788372 55.4176890965248 55.7007738535812 55.986896125266554 56.276010397574325 56.568071721745866 56.863035691239624 57.160858420802406 57.46149652809456 57.76490711819739 58.07104777124952 58.37987653342433 58.69135191119986 59.00543286891192 59.322078829011986 59.641249673918196 59.962905747563255 60.28700785338296 60.613517244494886 60.94239560124236 61.273604992609116 61.60710782282976 61.94286677457588 62.28084477657795 62.62100504534895 62.96331127160881 63.307728028921396 63.65422145262424 64.00276014294018 64.35331606133047 64.70586491308505 65.0603851962781 65.41685489820193 65.77524500729895 66.13550995728225 66.49757718588184 66.86134121147148 67.22667122990553 67.59344308347872
51.787686753905895 52.01346821733893 52.243093128091914 52.47650631253089 52.71365309159996 52.95447933122727 53.198931486067096 53.44695663650096 53.698502518697914 53.95351754747847 54.21195083188148 54.473752183541265 54.73887211816623 55.00726185067359 55.278873284719765 55.553658997551494 55.83157222112604 56.11256682056024 56.396597270913404 56.68361863329302 56.973586531152336 57.26645712750886 57.56218710374311 57.86073364048689 58.1620544010144 58.466107517340156 58.77285157938877 59.082245627213325 59.39424914642038 59.70882206652724 60.025924761739375 60.3455180529286 60.66756320874898 60.99202194265284 61.318856401505236 61.648029141245814 61.979503086689796 62.313241477828996 62.649207815404075 62.9873658352114 63.32767956184259 63.67011351185405 64.01463312023594 64.36120543053202 64.70979999037128 65.06038970738616 65.41295114856104 65.76746346670048 66.12390496432391 66.48224652604964 66.84244212915223 67.20441870872025 67.56807081314739 67.93326893267272
52.235250047765966 52.4590861738233 52.68675210990719 52.91819368488949 53.153357174295444 53.392189351774206 53.6346375342405 53.880649620762235 54.13017412507301 54.38316020144461 54.63955766375001 54.899316997714195 55.16238936645877 55.428726609768916 55.69828123760549 55.971006418687466 56.24685596494023 56.525784312795736 56.80774650228165 57.0926981548472 57.38059545082561 57.67139510725585 57.96505435678603 58.26153092817132 58.56078302886621 58.86276932999023 59.16744895397552 59.47478146502154 59.784726862536836 60.09724557751102 60.412298471621206 60.72984683840434 61.04985240524234 61.37227733399638 61.69708421694483 62.02423606383508 62.353696275729234 62.68542860339235 63.01939709355351 63.35556603728897 63.69389995142839 64.03436364451711 64.37692243650947 64.72154260214933 65.06819207062868 65.41684131115437 65.76746414635888 66.12003796752865 66.47454254063673 66.83095644372708 67.18925042952401 67.54937801311259 67.9112656494077 68.27480796079475
52.683766827643026 52.90568560047655 53.13142030065174 53.36091775222048 53.59412517979164 53.83099026094259 54.07146117245327 54.31548663070768 54.56301592617415 54.81399895179899 55.06838622509679 55.32612890382333 55.58717879525245 55.85148835928873 56.11901070583619 56.38969958703249 56.663509385083046 56.940395096545295 57.2203123139285 57.50321720550091 57.78906649421727 58.07781743646259 58.36942780138011 58.663855851339605 58.961060324052156 59.2610004167174 59.56363577245851 59.86892646934743 60.176833012085936 60.48731632649734 60.80033775678474 61.115859065249424 61.43384243377144 61.754250465717746 62.07704618597773 62.40219303581634 62.72965485832978 63.059395870571 63.391380620681794 63.725573934464315 64.0619408669557 64.40044669129962 64.74105697711201 65.08373782636671 65.42845633283463 65.77518128947011 66.12388406188633 66.47453935720466 66.8271253545835 67.18162239308418 67.53800928858129 67.89625663612064 68.25631748485353 68.61811783278262
53.13321323907383 53.35324217633898 53.57707292546472 53.80465329756531 54.03593145999452 54.270855989595155 54.5093759198563 54.75144078248609 54.99700064348943 55.2460061336139 55.498408473017264 55.754159489933734 56.013211633296265 56.2755179794057 56.54103223294125 56.80970872275189 57.08150239303945 57.35636879071717 57.63426404964995 57.915144872677516 58.19896851223713 58.48569275032407 58.77527587855637 59.06767667890286 59.36285440565315 59.66076876903344 59.9613799207546 60.26464844187051 60.57053533300055 60.87900200714632 61.190010285149484 61.503522393704 61.81950096559841 62.13790904143663 62.45871007134445 62.78186791438267 63.10734683222202 63.435111473025685 63.76512684194862 64.0973582572343 64.43177129737472 64.76833175626597 65.10700563989602 65.44775925719622 65.79055947183328 66.13537417668844 66.48217300726849 66.8309282010006 67.18161531963604 67.53421329475131 67.88870299983773 68.24506345286825 68.60326506763036 68.9632604253736
53.58356615394169 53.801732314545916 54.02368595116846 54.24937585322411 54.478751123694735 54.71176123321756 54.948356068050465 55.188485972579265 55.43210178665449 55.67915487771331 55.92959716757846 56.18338115370657 56.440459924771886 56.700787170573214 56.964317186418306 57.231004872331745 57.50080572753279 57.77367584083561 58.04957187766422 58.32845106443035 58.610271171063005 58.89499049244819 59.18256782947945 59.472962470347134 59.766134172639894 60.06204314671925 60.36065004069361 60.66191592733849 60.965802293173056 61.27227102985167 61.581284427982105 61.89280517343548 62.20679634605099 62.523221420306236 62.84204426717695 63.16322915559041 63.48674075111936 63.812544108450375 64.14060465374881 64.47088815359122 64.80336067023116 65.13798850969341 65.47473818086179 65.81357640024787 66.15447019543274 66.49738717240965 66.84229600399465 67.18916714769097 67.5379736886668 67.8886920141034 68.241301773477 68.59578433747883 68.95211889232024 69.31027564901893
54.034803144454855 54.25113313611037 54.471236059812675 54.69506167396346 54.92256000939365 55.15368142432448 55.388376653085025 55.62659684939871 55.868293624720366 56.113419081695966 56.36192584270595 56.61376707330439 56.86889650037485 57.12726842493974 57.38883772964644 57.653559881183796 57.92139092793574 58.19228749341524 58.46620676604985 58.74310648604725 59.02294492999545 59.30568089398283 59.591273675878625 59.87968305743982 60.170869286811154 60.46479306192029 60.76141551514848 61.06069819960128 61.362603077267735 61.66709250924336 61.97412924815642 62.28367643291243 62.59569758579383 62.910156611722215 63.227017799324955 63.546245822799534 63.86780574308995 64.19166300578301 64.51778343235104 64.84613320100179 65.17667881419074 65.50938705327523 65.84422492780851 66.18115963890642 66.52015859240757 66.86118951491899 67.20422073621326 67.54922169063497 67.89616363766939 68.24502048668771 68.59576942172542 68.94839077658739 69.3028663833048 69.65917556432126
54.486902458269796 54.70142244488602 54.91970062340765 55.14168771148566 55.36733465945146 55.59659270623898 55.82941342883915 56.06574878628723 56.305551158802395 56.5487733823025 56.795368778373046 57.0452911795164 57.298494949511806 57.5549349987778 57.81456679469367 58.077346366966744 58.343230308309025 58.61217577081524 58.884140458551 59.15908261690436 59.436961019423066 59.71773495276341 60.00136420041229 60.287809025824295 60.57703015559033 60.86898876308265 61.16364645306727 61.46096524759725 61.76090757349505 62.06343625163777 62.368514488239335 62.67610586822812 62.98617435083671 63.29868426738105 63.61360032104582 63.93088758821019 64.25051152032987 64.57243794468474 64.89663306146298 65.22306343377073 65.5516959669947 65.88249787501397 66.21543663445796 66.55047993550822 66.88759564986815 67.226751852548 67.5679169504631 67.91105997950221 68.25615111775886 68.6031624072105 68.95206855839555 69.30284752426826 69.65548029028528 70.00994911534916
54.93984299466396 55.152578703596255 55.36905767979161 55.58923159006841 55.813052295451314 56.04047190812954 56.271442841704854 56.50591785583748 56.743850096045264 56.98519312909212 57.22990097405255 57.47792812907893 57.729229593603186 57.98376088592137 58.24147805603112 58.5023376937225 58.76629693206779 59.03331344662742 59.30334545077133 59.576351687589145 59.85229141897165 60.13112441255376 60.41281092702182 60.697311696528295 60.9845879146859 61.27460121873254 61.567313674307975 61.86268776118753 62.16068636033991 62.4612727425115 62.764410558573296 63.070063831766156 63.37819695193965 63.68877467192049 64.0017621058787 64.31712472957857 64.63482838189853 64.95483926663276 65.27712395279225 65.60164937079955 65.92838280126833 66.25729185291377 66.58834442763144 66.92150867453422 67.2567529425814 67.59404575344624 67.93335583211322 68.27465224804335 68.6179047262725 68.96308417150506 69.31016338922332 69.65911786859073 70.00992630410465 70.3625703011426
55.39360428168482 55.60458101088533 55.819285909537605 56.03767158329315 56.25969079468287 56.48529652121632 56.714442006478 56.94708080543968 57.18316682485678 57.422654359346 57.66549812337113 57.911653279162834 58.16107546050902 58.41372079222131 58.66954590516545 58.92850794682667 59.19056458738511 59.455674021623445 59.723794966861334 59.99488665739764 60.268908835905776 60.54582174240794 60.8255861013674 61.108163107466936 61.393514410686244 61.68160210116301 61.97238869435763 62.26583711684545 62.5619106931567 62.86057313389943 63.16178852536819 63.465521320869925 63.771736333831655 64.08039873289 64.39147403888639 64.70492812380111 65.02072721138389 65.33883787880752 65.65922705832548 65.9818620370607 66.3067104522988 66.63374027899047 66.96291980633934 67.2942176018064 67.62760246522882 67.96304338345477 68.30050950849005 68.63997019706534 68.98139516419195 69.32475480785718 69.67002074276512 70.01716651941045 70.36616838344902 70.71700574418658
