data/state_boating/state_boating_openses.asc
ncols         645
nrows         454
xllcorner     0
yllcorner     0
cellsize      1
NODATA_value  -99.
[rows 336 to 359 of 454, columns 540 to 593 of 645]
90.08329477555257 90.3629052428713 90.64441229296187 90.92779844596895 91.21304634757168 91.50013876748137 91.78905859794357 92.07978885229039 92.37231266353791 92.66661328300061 92.96267407900075 93.2604785357596 93.5600102523332 93.86125294169054 94.16419042996604 94.46880665584973 94.77508567015059 95.08301163550836 95.3925688264051 95.70374162926784 96.01651454282377 96.33087217860341 96.64679926169964 96.96428063140101 97.2833012418807 97.60384616251199 97.9259005775378 98.24944978470904 98.57447919225291 98.9009743136427 99.22892075953627 99.55830422649343 99.88911048267136 100.22132535126076 100.55493469419577 100.88992440056779 101.22628038663827 101.56398861743986 101.90303516248701 102.24340629952871 102.585088678144 102.92806954777842 103.27233703924989 103.61788046209396 103.96469054194307 104.31275947375264 104.66208061635479 105.0126476180392 105.36445277002022 105.7174844741566 106.07172393152571 106.42714155023349 106.78369414026027 107.14132463785575
90.49886741634634 90.7771971577894 91.05742264627138 91.33952654796765 91.6234916529025 91.9093008735592 92.19693724340496 92.4863839155048 92.77762416113796 93.0706413684256 93.365419041042 93.66194079702878 93.9601903677179 94.26015159677463 94.56180843933959 94.86514496135233 95.17014533899628 95.47679385831142 95.78507491502377 96.09497301453288 96.40647277210286 96.71955891322409 97.03421627420701 97.35042980283508 97.66818455907148 97.98746571566383 98.30825855835606 98.63054848547547 98.95432100633064 99.27956173801313 99.60625639989053 99.93439080528795 100.26395085008538 100.59492249827946 100.92729176566748 101.26104470415932 101.5961673912499 101.93264593175292 102.27046648169997 102.6096153069458 102.95007888988641 103.29184409546197 103.63489840017898 103.9792301715853 104.32482895927473 104.67168572036589 105.01979285482435 105.36914387715844 105.71973251806432 106.0715510593775 106.42458779881987 106.77882376311277 107.13422917827558 107.49076076893195
90.9152907613822 91.19234889319966 91.47130185007171 91.75213244263219 92.03482360363982 92.31935838668497 92.60571996484698 92.89389162926716 93.18385678785627 93.47559896392372 93.76910179491084 94.06434903117884 94.36132453488068 94.66001227897539 94.96039634632557 95.26246092891198 95.56619032721925 95.87156894975625 96.17858131271032 96.48721203985036 96.79744586253099 97.10926761994375 97.42266225951693 97.73761483752548 98.0541105197166 98.37213458203937 98.69167241113962 99.01270950453996 99.33523147003939 99.65922402398081 99.98467298778964 100.311564282235 100.63988391891138 100.96961798861743 101.30075264693244 101.633274098137 101.96716858013772 102.30242235503498 102.63902171261773 102.97695299657693 103.3162026659424 103.65675740462586 103.99860428978953 104.34173102153144 104.6861262001455 105.03177961058252 105.3786824359195 105.7268272747458 106.07620779049628 106.42681778968436 106.77864953945917 107.13169123058918 107.48592371603492 107.8413170443202
91.33255314978126 91.60834872392117 91.8860381174789 92.16560428404976 92.44703029758031 92.73029935122241 93.01539475602009 93.30229993962288 93.5909984449873 93.88147392901132 94.17371016136968 94.46769102320042 94.76340050604213 95.06082271075942 95.35994184659282 95.66074223034093 95.96320828566928 96.26732454251201 96.57307563667169 96.88044630955763 97.1894214080507 97.49998588466624 97.8121247977671 98.1258233120073 98.44106669894624 98.75784033771407 99.07612971566455 99.39592042881942 99.71719818198821 100.03994878799367 100.36415816577396 100.68981233667878 101.01689741853194 101.34539961687864 101.67530521321223 102.00660055055158 102.33927201764375 102.67330603451036 103.00868904424063 103.34540751811282 103.6834479842644 104.02279709179102 104.36344172310403 104.70536916447564 105.0485673362004 105.39302506740047 105.73873237375413 106.085680658799 106.43386271355024 106.78327234368595 107.13390342522575 107.48574820556867 107.83879476587585 108.19302378617978
91.75064311693245 92.0251851207095 92.30161985712101 92.57993042127593 92.86010002684542 93.14211200501806 93.42594980328342 93.71159698423413 93.99903722430648 94.28825431248791 94.57923214912869 94.8719547446637 95.16640621855817 95.46257079815935 95.7604328177705 96.05997671775256 96.36118704376464 96.66404844611594 96.96854567925635 97.27466360141612 97.58238717437617 97.89170146344567 98.20259163757038 98.51504296965467 98.82904083701385 99.14457072197666 99.46161821256639 99.78016900307269 100.10020889452824 100.42172379463675 100.74469971690874 101.0691227785541 101.39497919659078 101.72225528166024 102.05093742905837 102.3810121068415 102.71246584147211 103.04528520223322 103.37945678757404 103.71496721797374 104.0518031429158 104.38995127180878 104.72939844082273 105.07013172792989 105.41213862547498 105.75540727059284 106.09992671736887 106.44568720762827 106.79268035999283 107.14089915174729 107.49033752436782 107.84098941721255 108.19284705310082 108.54589840118169
92.1695493907804 92.44284674662835 92.7180356695618 92.99509939484432 93.27402127444202 93.55478477612236 93.8373734823764 94.1217710892351 94.40796140510339 94.69592834954145 94.98565595208896 95.27712835101106 95.57032979225234 95.86524462825258 96.16185731702215 96.46015242121135 96.76011460726858 97.06172864478144 97.36497940582066 97.669851864553 97.97633109689835 98.2844022803549 98.5940506940135 98.90526171872456 99.21802083743302 99.53231363565128 99.84812580209619 100.16544312928504 100.48425151417138 100.80453695848391 101.12628556857152 101.44948355441291 101.77411722729178 102.10017299572547 102.42763735904101 102.75649689822575 103.08673826390833 103.4183481620497 103.75131333874246 104.08562056720247 104.42125664189764 104.7582083872596 105.09646269093454 105.43600657325452 105.77682730489862 106.11891258128338 106.46225075309472 106.80683109556743 107.15264407214983 107.49968151120564 107.84793657031949 108.19740332043924 108.54807575831052 108.89994607755176
92.5892608881374 92.86132245343964 93.13527434379795 93.41109993330524 93.6887827108971 93.96830627955137 94.24965435530694 94.5328107661993 94.81775945115501 95.1044844588543 95.39296994653766 95.6832001788848 95.97515952686938 96.26883246665066 96.56420357861697 96.86125754640047 97.15997915602846 97.46035329520215 97.76236495258496 98.06599921731028 98.37124127860716 98.67807642547415 98.98649004658041 99.29646763032677 99.60799476504364 99.92105713932965 100.2356405425938 100.5517308656084 100.86931410119377 101.18837634472901 101.5089037944714 101.83088275129523 102.15429961751396 102.47914089440816 102.80539317793938 103.13304315211887 103.46207757964551 103.79248328984457 104.12424716439084 104.45735612249254 104.79179710865579 105.12755708799206 105.46462305676638 105.80298207790578 106.14262135306946 106.48352834286435 106.82569094283592 107.16909771398993 107.51373814894013 107.85960292827569 108.20668408488008 108.55497495073251 108.90446972009721 109.25516244135702
93.00976671104434 93.28060127804255 93.55332485374076 93.82792094984202 94.10437319097812 94.38266531400342 94.66278116714571 94.94470470906285 95.22842000779852 95.51391123972269 95.80116268837817 96.09015874342047 96.3808838994572 96.67332275501904 96.96746001151327 97.26328047227634 97.56076904168161 97.85991072437065 98.16069062450129 98.46309394521074 98.76710598809574 99.07271215289371 99.37989793721452 99.68864893650708 99.99895084411067 100.31078945152343 100.62415064876782 100.93902042490272 101.2553848686306 101.57323016890425 101.89254261546272 102.21330859903831 102.53551461098537 102.8591472419363 103.18419317920092 103.51063920226457 103.83847217589778 104.16767904065837 104.49824680077604 104.83016250995868 105.16341325700886 105.49798615428521 105.83386833433927 106.17104696224715 106.50950927333822 106.8492426478874 107.19023473364322 107.53247362345479 107.87594808541797 108.22064782581332 108.56656373798205 108.91368805414443 109.26201427490318 109.6115367118198
93.43105614321964 93.70067243894071 93.97217635478202 94.24555153888619 94.52078175034082 94.79785085863661 95.07674284289416 95.35744179105718 95.63993189892601 95.92419746918084 96.21022291031522 96.49799273554837 96.78749156178645 97.07870410854318 97.371615196942 97.66620974874198 97.96247278542832 98.26038942738751 98.55994489317105 98.8611244988703 99.1639136575263 99.4682978787444 99.7742627683603 100.08179402827339 100.3908774563913 100.70149894678157 101.01364448992138 101.32730017309773 101.64245218095152 101.95908679601641 102.2771903994047 102.59674947122095 102.91775059071746 103.24018043577982 103.56402578148523 103.88927349731433 104.21591054240295 104.54392395847465 104.87330086023013 105.20402842311898 105.53609386931925 105.8694844537468 106.20418745332651 106.5401901649526 106.87747991955625 107.21604412211154 107.55587032880672 107.89694637190735 108.2392605387094 108.58280180128433 108.92756007588184 109.27352646422449 109.62069339280266 109.9690545251699
93.85311864652263 94.12152533281855 94.39181818041754 94.66398097278265 94.93799760231525 95.21385206992571 95.49152848440644 95.77101106169684 96.052284124059 96.33533209916698 96.620139519105 96.90669101933624 97.19497133771239 97.4849653134226 97.77665788599509 98.07003409431195 98.3650790757563 98.66177806528275 98.96011639469927 99.26007949197987 99.56165288062893 99.8648221792205 100.16957310103413 100.47589145373318 100.78376313925355 101.09317415382542 101.40411058809755 101.71655862746323 102.03050455246336 102.34593473928356 102.66283566040761 102.9811938851555 103.3009960801349 103.62222900925241 103.94487953311699 104.26893460745066 104.59438128012776 104.92120668618533 105.2493980406245 105.5789426286263 105.90982779329123 106.24204092179296 106.57556943180265 106.91040076165069 107.24652236954648 107.5839217494059 107.92258647317013 108.2625042703504 108.60366315509579 108.94605160641125 109.28965879721554 109.63447485011622 109.98049107089433 110.32770007530723
94.27594385750618 94.54314953111628 94.8122398388634 95.08319869850874 95.35601013465288 95.63065827848297 95.90712736728005 96.18540174377182 96.46546585542922 96.74730425363585 97.03090159278848 97.31624262929097 97.60331222063121 97.8920953243667 98.18257699715247 98.47474239376105 98.76857676620097 99.06406546283968 99.36119392759548 99.65994769922864 99.96031241071528 100.2622737886773 100.56581765294058 100.87092991621846 101.17759658384952 101.48580375372458 101.79553761630223 102.10678445484403 102.4195306456763 102.7337626586499 103.04946705767168 103.3666305012898 103.68523974324783 104.00528163285779 104.32674311493328 104.64961122908913 104.9738731080094 105.29951597425254 105.62652713513425 105.95489397534531 106.28460394697927 106.61564455732223 106.94800335516355 107.28166791770498 107.61662584158735 107.9528647433631 108.29037227721963 108.62913617943009 108.96914435030696 109.31038498335084 109.65284674652153 109.99651901054153 110.34139210076026 110.68745752279168
94.69952158403876 94.96553477668274 95.2334310098014 95.50319433442553 95.77480890635515 96.04825898595001 96.32352893783775 96.60060323038309 96.87946643507912 97.16010322579308 97.44249837796536 97.72663676769767 98.01250337085696 98.30008326209233 98.58936161392441 98.88032369577537 99.1729548730767 99.46724060640774 99.76316645066134 100.06071805431078 100.35988115873938 100.66064159765845 100.9629852965901 101.26689827245796 101.57236663331345 101.87937657812716 102.18791439672907 102.49796646990613 102.80951926959419 103.12255935920057 103.4370733940905 103.75304812208977 104.07047038408386 104.38932711453619 104.70960534177462 105.03129218787393 105.35437486782028 105.67884068764582 106.00467704103038 106.3318714040259 106.66041132747665 106.99028442696338 107.32147837057846 107.65398086545483 107.98777964517711 108.32286246166063 108.65921708700176 108.99683133296969 109.33569309764161 109.67579044967289 110.01711175938442 110.35964588105402 110.70338238016414 111.04831178127053
95.12384180195059 95.38867098048168 95.65538154108073 95.92395766710337 96.19438364452645 96.4666438618845 96.74072281007746 97.01660508199143 97.29427537197658 97.5737184752372 97.8549192870521 98.13786280199814 98.42253411309173 98.70891841084106 98.99700098240808 99.28676721064909 99.57820257321215 99.87129264171473 100.16602308088488 100.46237964781749 100.76034819126951 101.05991465103605 101.36106505741057 101.6637855307076 101.96806228092495 102.27388160747506 102.58122989900197 102.89009363342267 103.20045937797393 103.51231378948238 103.82564361469802 104.14043569077259 104.45667694577978 104.77435439929761 105.09345516288913 105.41396644032217 105.73587552736527 106.05916981085846 106.38383676664219 106.70986395605394 107.0372390204123 107.36594967330319 107.69598369044812 108.02732889745387 108.3599731566163 108.69390435484418 109.02911039641828 109.36557920622748 109.70329875103415 110.04225708825811 110.38244245248819 110.7238433884292 111.06644893403144 111.41024884656457
95.54889465176893 95.81254821838144 96.07808144557586 96.3454786481474 96.61472424131273 96.88580274078542 97.15869876273263 97.43339702349087 97.70988233918622 97.98813962521201 98.26815389556522 98.54991026211385 98.83339393382151 99.11859021587495 99.40548450887698 99.69406230791903 99.984309201686 100.27621087167888 100.56975309132898 100.86492172526255 101.16170272854737 101.46008214607355 101.76004611194227 102.06158084899951 102.36467266839001 102.6693079692559 102.97547323846166 103.28315505054317 103.59234006767255 103.90301503983973 104.21516680505837 104.5287822897592 104.84384850926955 105.16035256832795 105.4782816616641 105.7976230744115 106.11836418227453 106.4404924512569 106.76399543659268 107.08886078054627 107.41507620867898 107.74262952421725 108.07150860018432 108.40170136914328 108.73319581105252 109.0659799402686 109.40004179404305 109.73536942623451 110.07195091183542 110.40977437007393 110.74882801533225 111.08910024578647 111.4305797781298 111.77325583142112
95.97467043552112 96.23715672795068 96.50152089802603 96.76774739113215 97.03582075081613 97.30572561904313 97.57744673628707 97.85096894132482 98.12627717101617 98.40335645985604 98.68219193945417 98.96276883784526 99.24507247880118 99.52908828103217 99.81480175739784 100.10219851406066 100.39126424960814 100.6819847542626 100.97434590903802 101.2683336850085 101.56393414250472 101.86113343049547 102.15991778594429 102.46027353331853 102.7621870840739 103.06564493631424 103.37063367447969 103.67713996915157 103.98515057699825 104.29465234081609 104.60563218967131 104.91807713918742 105.23197429191391 105.54731083781164 105.86407405483139 106.18225130936635 106.50183005668578 106.82279784104962 107.14514229531143 107.46885113975196 107.79391217968127 108.12031330159608 108.44804246736517 108.7770877061933 109.1074371043193 109.43907879293516 109.77200093547059 110.10619171665273 110.44163933713267 110.7783320194458 111.11625803286844 111.45540574639408 111.7957637194879 112.13732083852425
96.40115961359126 96.66248690537878 96.92569023197377 97.190754168538 97.45766338611075 97.72640265202706 97.99695683010987 98.26931088064981 98.5434498602311 98.81935892143977 99.09702331241256 99.37642837627556 99.65755955050307 99.94040236621464 100.22494244739597 100.51116551014742 100.79905736181591 101.088603900238 101.3797911129097 101.67260507624366 101.96703195480154 102.26305800061446 102.56066955255426 102.85985303577934 103.16059496120161 103.46288192509078 103.76670060874679 104.07203777818565 104.37888028404022 104.68721506150277 104.99702913038386 105.30830959530148 105.62104364596763 105.93521855758388 106.2508216913688 106.56784049501279 106.8862625032288 107.20607533810431 107.52726670911765 107.84982441267942 108.17373633080744 108.498990428644 108.82557475039177 109.15347741334776 109.48268659976469 109.81319054646585 110.14497753284236 110.47803586849317 110.81235388279907 111.14791992058 111.48472234940047 111.82274958619877 112.1619901523157 112.5024327663025
96.82835280162095 97.08852930237384 97.35057993670938 97.6144894087727 97.88024251629511 98.14782415113193 98.41721929958149 98.68841304251833 98.96139055532836 99.23613710768404 99.51263806324475 99.79087887918507 100.07084510562974 100.35252238500037 100.63589645132846 100.92095312954778 101.20767833468064 101.49605807106275 101.7860784315772 102.07772559693004 102.37098583484554 102.66584549942908 102.96229103046727 103.26030895288619 103.55988587618566 103.86100849399212 104.16366358367931 104.4678380060497 104.77351870510314 105.0806927079574 105.38934712478982 105.69946914892853 106.01104605709986 106.3240652096977 106.63851405122988 106.95438011075656 107.2716510024461 107.59031442605155 107.91035816719119 108.23177009733843 108.55453817325053 108.8786504355036 109.20409500587309 109.53086008312533 109.85893393689268 110.18830489938635 110.51896135499605 110.85089172841981 111.18408447254568 111.51852805871351 111.85421097334257 112.19112172657415 112.52924888071635 112.868581107252
97.25624076750807 97.51527462321269 97.77618065432215 98.03894369322904 98.30354866358344 98.56998058094274 98.83822455325767 99.1082657811126 99.38008955777246 99.65368126907953 99.92902639323977 100.20611050048564 100.48491925256035 100.76543840214804 101.0476537922844 101.33155135564488 101.61711711384295 101.90433717667486 102.19319774134527 102.48368509177303 102.77578559783237 103.06948571468406 103.36477198206477 103.66163102373092 103.96004954687582 104.2600143416419 104.56151228072227 104.86453031896966 105.1690554931164 105.4750749216577 105.78257580469047 106.09154542393021 106.40197114286747 106.71384040694701 107.02714074394561 107.34185976433707 107.65798516181324 107.97550471378652 108.29440628183447 108.61467781194197 108.93630733441877 109.25928296320997 109.5835928943618 109.90922540318496 110.23616883994636 110.56441162357338 110.89394223325212 111.2247491980171 111.55682108499335 111.89014648760725 112.22471401655116 112.56051229730411 112.89752998024639 113.23575577081876
97.68481442842858 97.94271372177091 98.20248317678943 98.46410775340026 98.72757250043654 98.99286255640646 99.25996315010437 99.52885960098043 99.79953731932162 100.07198180624505 100.34617865360171 100.62211354370127 100.89977224892506 101.17914063122284 101.46020464161134 101.74295031949049 102.02736379201089 102.31343127336072 102.60113906405675 102.89047355018864 103.18142120275975 103.47396857698291 103.76810231157725 104.0638091281961 104.3610758308257 104.65988930527558 104.96023651874583 105.26210451939687 105.56548043604764 105.8703514779496 106.17670493460584 106.48452817570407 106.79380865120021 107.10453389138078 107.4166915071948 107.73026919050923 108.04525471460184 108.36163593459823 108.67940078801337 108.99853729512887 109.3190335591937 109.64087776626974 109.96405818446515 110.28856316220613 110.61438112535677 110.94150057270221 111.2699100694959 111.59959823898049 111.9305537519957 112.26276531529153 112.59622166020662 112.93091153416724 113.26682369931464 113.60394694397422
98.11406484798994 98.37083759867095 98.629478443117 98.88997246806083 99.152304846807 99.41646084007199 99.68242579674109 99.95018515434872 100.21972443936671 100.49102926734139 100.7640853428671 101.03887845943626 101.31539449912357 101.5936194321897 101.87353931661877 102.15514029756162 102.4384086066935 102.72333056158209 103.00989256501343 103.29808110427143 103.58788275046493 103.87928415786736 104.1722720632333 104.4668332851681 104.76295472355211 105.06062335900374 105.35982625240109 105.66055054445822 105.96278345536388 106.26651228450052 106.57172441021271 106.87840728968422 107.18654845895317 107.49613553288127 107.80715620538808 108.11959824966988 108.43344951859129 108.74869794507441 109.06533154261022 109.38333840572989 109.70270671036832 110.02342471402676 110.3454807555272 110.6688632541197 110.9935607076969 111.31956168973403 111.64685484457578 111.97542888093977 112.30527256330853 112.63637470151218 112.96872413927143 113.30230974317924 113.63712039495049 113.9731449910281
98.54398323334533 98.79963739846099 99.05715753653776 99.31652886047151 99.577736667326 99.84076633935364 100.10560334478792 100.37223323848815 100.64064166232997 100.91081434546895 101.18273710440492 101.45639584292547 101.73177655191317 102.00886530900969 102.2876482782377 102.56811170950732 102.85024193804625 103.13402538382404 103.41944855090036 103.70649802676212 103.99516048165924 104.28542266793842 104.57727141943417 104.87069365076292 105.16567635681602 105.46220661215483 105.76027157050994 106.05985846435496 106.36095460452067 106.66354737984236 106.96762425691566 107.2731727799014 107.58018057045199 107.88863532767061 108.19852482821625 108.50983692645016 108.82255955475344 109.13668072387594 109.45218852336323 109.76907112203997 110.08731676845967 110.4069137912481 110.72785059921077 111.05011568098068 111.37369760407225 111.69858501294682 112.02476662578486 112.3522312297027 112.68096767405949 113.01096486177744 113.34221173901803 113.6746972838083 114.00841049549747 114.34334038766559
98.97456093249174 99.22910440684527 99.48551168176324 99.74376809564424 100.00385906865105 100.26577010387126 100.52948678820115 100.79499479308157 101.0622798750714 101.33132787614953 101.60212472389489 101.87465643157608 102.14890909801288 102.42486890733691 102.70252212870574 102.98185511585378 103.26285430664532 103.54550622246664 103.82979746769972 104.11571472905646 104.4032447749709 104.69237445492871 104.98309069887054 105.27538051654086 105.56923099691153 105.8646293076136 106.16156269441865 106.4600184807702 106.75998406738127 107.06144693184224 107.36439462836228 107.66881478751073 107.97469511607703 108.2820233969684 108.59078748927303 108.90097532831916 109.21257492586574 109.52557437045144 109.83996182770863 110.15572554082804 110.47285383103296 110.79133509798498 111.11115782010214 111.43231055459427 111.75478193707748 112.07856068048383 112.40363557301816 112.72999547479303 113.0576293128841 113.38652607456328 113.71667479852572 114.04806456458829 114.3806844825651 114.71452368209196
99.40578943150688 99.6592300480001 99.91453224232801 100.17168147771277 100.43066329678555 100.69146332280103 100.95406726064274 101.21846089766997 101.48463010436177 101.75256083478942 102.02223912686601 102.29365110252319 102.56678296769063 102.84162101214686 103.11815160929903 103.39636121584061 103.67623637132222 103.95776369765628 104.24092989859928 104.5257217591514 104.81212614498969 105.1001300017996 105.38972035471784 105.68088430769767 105.9736090428941 106.2678818201436 106.56368997642268 106.86102092533743 107.1598621567241 107.46020123622961 107.76202580500205 108.06532357940938 108.37008235084146 108.67628998555502 108.98393442468958 109.29300368425137 109.60348585518935 109.91536910370864 110.22864167153689 110.54329187627485 110.85930811185655 111.17667884902816 111.49539263572196 111.81543809730348 112.13680393661596 112.45947893344572 112.78345194338159 113.10871189560922 113.43524778942634 113.76304868921095 114.0921037174341 114.42240204596366 114.75393288571078 115.08668547575228
99.83766035195379 100.09000588195693 100.34421071793169 100.6002604472977 100.85814073449939 101.11783732232038 101.37933603297692 101.6426227690839 101.90768351437053 102.17450433426868 102.4430713762858 102.71337087025299 102.98538912843199 103.25911254544525 103.53452759809065 103.81162084515381 104.09037892701747 104.37078856522132 104.6528365619842 104.93650979969601 105.22179524033666 105.50867992490237 105.79715097280517 106.08719558130957 106.3788010248781 106.67195465468787 106.96664389807376 107.26285625802122 107.56057931270169 107.85980071510261 108.16050819262206 108.46268954678763 108.7663326530194 109.07142546043913 109.37795599177963 109.68591234336634 109.99528268511739 110.30605526071842 110.61821838790058 110.93176045869366 111.24666993980603 111.56293537311966 111.88054537608117 112.1994886420956 112.5197539407696 112.84133011778867 113.16420609442171 113.48837086618909 113.81381350058038 114.14052313343983 114.46848896375069 114.79770024663428 115.12814628453741 115.45981641697098
