data/state_boating/state_boating_openses.asc
ncols         645
nrows         454
xllcorner     0
yllcorner     0
cellsize      1
NODATA_value  -99.
[rows 336 to 359 of 454, columns 378 to 431 of 645]
51.99939396169944 52.35893465287131 52.720792396488 53.08491920054228 53.45126811084643 53.819793206343405 54.19044959454913 54.56319340706377 54.93798179508453 55.314772924684384 55.693525971632305 56.074201115350256 56.45675953154227 56.841163382863584 57.22737580694484 57.615360900911774 58.005083701387406 58.396510158917195 58.78960710555126 59.184342214315635 59.5806839491711 59.97860150410187 60.37806472997488 60.77904404807381 61.181510349441055 61.585434879704025 61.99078910962862 62.397544592466005 62.80567281021307 63.21514501173382 63.625932047687115 64.03800420942228 64.45133108327758 64.86588143637411 65.28162315228775 65.69852322733708 66.116547811533 66.535662233275 66.95583092378193 67.37701727181019 67.79918385857869 68.22229421550527 68.64631739666349 69.07123418244299 69.49703654846888 69.92370325135545 70.35114016535097 70.77912281291714 71.20737892937953 71.6360127188207 72.06625684230414 72.50080225828562 72.94189453415214 73.38499980353093
52.34927545181503 52.70640126654537 53.06586195329076 53.42760978217672 53.79159802358621 54.15778094350812 54.52611379899243 54.89655283369196 55.26905527352729 55.643579322336535 56.02008415737203 56.39852992440234 56.778877732129985 57.16108964543126 57.5451286769635 57.930958776463385 58.318544816976704 58.707852577188696 59.098848718836194 59.49150075808133 59.885777029742016 60.28164664302713 60.67907942755068 61.07804586835126 61.47851702877139 61.88046446032187 62.28386009900347 62.688676148059486 63.0948849477827 63.50245883373733 63.911369985732755 64.3215902711978 64.73309108903364 65.14584322390861 65.55981672562797 65.97498083069121 66.39130393572012 66.80875360567963 67.2272965541121 67.64689850917922 68.0675239997675 68.48913652898118 68.91170030221758 69.33518479076369 69.75957085577222 70.1848499789142 70.61099966189664 71.03792425826231 71.46539868805539 71.89314983247974 72.32127103901037 72.75095651101661 73.18483442857085 73.62516028204745
52.701606507100145 53.056332918806085 53.41341124068643 53.77279403157633 54.134434815022075 54.498288074751464 54.864309250170145 55.23245473192481 55.60268185758052 55.974948907404766 56.34921510015212 56.72544058874725 57.10358645566512 57.48361470770932 57.86548826981485 58.2491709774384 58.63462756694806 59.0218236633735 59.41072576471774 59.80130122195764 60.19351821375363 60.58734571480758 60.98275345668526 61.37971187995126 61.778192076400195 62.17816572029825 62.57960498773262 62.982482463383384 63.386771034511725 63.79244377243223 64.19947380230616 64.60783416289397 65.01749765900338 65.42843671171583 65.84062321504763 66.25402841239897 66.66862280867758 67.08437612664613 67.50125728903215 67.91923436099317 68.33827436496283 68.75834300667087 69.17940479765448 69.6014247617027 70.02437298593144 70.44823064889786 70.87298901086243 71.29862467813332 71.72504100602524 72.15201294625538 72.5792669989167 73.0068858071707 73.43602514827836 73.86924969333137
53.05633781890259 53.40868067404 53.76339170352805 54.12042377811975 54.47973069949589 54.84126719595699 55.20498891804371 55.57085243415322 55.938815226228655 56.30883568556555 56.680873108694506 57.05488769330983 57.430840534123114 57.80869361846981 58.188409821419036 58.569952900060066 58.95328748656152 59.338379079529965 59.72519403303998 60.113699542677004 60.503863627802744 60.895655109154845 61.289043580819666 61.68399937551763 62.08049352213628 62.4784976943573 62.87798414935909 63.27892565567098 63.68129540941678 64.08506693862222 64.4902139955442 64.8967104374471 65.30453009691688 65.71364664369769 66.12403344223668 66.53566341246268 66.94850890611085 67.3625416132312 67.77773250641249 68.19405180231685 68.61146887242694 69.02995201331028 69.44946812094359 69.86998277227947 70.29146191723407 70.71387641396358 71.13720794911644 71.56144779221047 71.98657197465512 72.41248332211757 72.83895737064877 73.26572065303789 73.69284524713895 74.12144805687461
53.413421048125514 53.763396541074755 54.11575570865673 54.47045175387438 54.82743877839498 55.18667177857875 55.54810664131167 55.91170013974646 56.27740992905726 56.64519454225304 57.01501338608955 57.386826737070045 57.76059573750896 58.136282391523324 58.513849560853956 58.893260960269004 59.27448115225481 59.65747554067957 60.042210362966266 60.428652680239075 60.816770364892676 61.20653208477855 61.5979072833754 61.990866154888764 62.38537961347913 62.78141925551698 63.17895731392223 63.577966603475666 63.97842045630034 64.3802926466755 64.7835573047637 65.18818881897387 65.59416172709925 66.00145059679352 66.41002989687925 66.81987386274733 67.23095636260477 67.64325077574932 68.0567298966642 68.47136587113904 68.88713014196904 69.30399333322231 69.72192498207458 70.14089316944187 70.56086456995575 70.98180613583094 71.40368961349452 71.82649734774503 72.25022080982859 72.67483573843634 73.10024484451046 73.52622473143533 73.95250234125251 74.3791391908356
53.77280881287144 54.12043345999232 54.470456530255454 54.822831576791394 55.177513020446504 55.534456146232486 55.89361709948831 56.25495288182533 56.618421347018504 56.98398119687436 57.3515919771641 57.72121407365564 58.0928087082324 58.46633793504439 58.84176463667362 59.21905252012774 59.59816611250142 59.979070756026395 60.36173260225816 60.7461186049368 61.13219651115199 61.519934850162635 61.9093029193535 62.30027076654705 62.69280916791479 63.08688960061501 63.48248420927894 63.879565765305934 64.27810761813527 64.67808363751072 65.07946814604765 65.48223584150811 65.88636170840675 66.29182091881421 66.69858872255837 67.10664032782952 67.5159507747494 67.92649480795535 68.33824675848552 68.7511804479742 69.1652691199286 69.58048537358633 69.9968010262131 70.41418681215379 70.83261197721305 71.25204430563821 71.67245180128992 72.09380718326808 72.51609356909165 72.93930278974679 73.36341053625296 73.78831976920617 74.21380859062228 74.63960468682158
54.13445467704305 54.479745290490015 54.82744833747442 55.1775177370178 55.529908246054816 55.8845754563793 56.24147579120805 56.60056650144085 56.9618056617499 57.325152166599096 57.690565726219866 58.05800686268545 58.42743690603522 58.798817990494484 59.17211305077587 59.547285818333535 59.924300817547675 60.30312336160058 60.68371954786129 61.06605625249668 61.45010112398146 61.83582257507312 62.22318977281004 62.61217262592787 63.00274176909915 63.394868543269205 63.78852497133078 64.18368372826762 64.58031810492406 64.97840196449522 65.37790969090173 65.77881612830035 66.18109651113235 66.58472638418692 66.98968151237618 67.39593778014556 67.8034710810421 68.2122571995955 68.62227169073525 69.033489766579 69.4458862026171 69.85943526685242 70.27411064503058 70.68988528488698 71.1067310674352 71.52461837204304 71.94351608804301 72.3633932978244 72.7842237495871 73.20599141752432 73.62868861941476 74.05229120841756 74.47670271576933 74.90170314069226
54.49831313935738 54.841286801097056 55.18668618343051 55.534465585232205 55.88458011446512 56.23698568571054 56.59163901719249 56.94849762744369 57.307519831677986 57.668664738015636 58.03189224359365 58.39716303071499 58.76443856299717 59.1336810816129 59.50485360163538 59.877919908413524 60.25284455397816 60.62959285337133 61.008130880707085 61.388425464864426 61.77044418446852 62.154155361948106 62.53952805625402 62.92653205384556 63.31513785739615 63.70531667171728 64.09704038623228 64.49028155329046 64.88501336156122 65.2812096037472 65.67884463769168 66.07789334023418 66.47833105295693 66.88013351924059 67.28327681206255 67.68773725205907 68.09349131554895 68.50051553273076 68.90878637769634 69.31828015508083 69.7289728926073 70.14084025070302 70.55385745166173 70.96799919884802 71.38323950619265 71.79955134628544 72.21690619230964 72.6352740211108 73.05462500197625 73.4749339451707 73.89618573927129 74.31837328823032 74.74147278502886 75.16538862113896
54.86433962243345 55.20501365877363 55.54812599502212 55.89363132227398 56.24148511278177 56.59164361808424 56.94406386657636 57.29870366062635 57.655521573324435 58.01447694497698 58.375529879434126 58.738641240362114 59.10377264747231 59.47088647278859 59.83994583701352 60.210914605963175 60.583757387042006 60.95843952577962 61.334927102269 61.71318692743975 62.093186538992704 62.474894196710885 62.85827887699903 63.24331026626511 63.62995875272731 64.01819541629486 64.40799201594058 64.79932097405583 65.192155357063 65.58646885172236 65.9822357362565 66.37943084564942 66.77802953032413 67.17800760749309 67.57934130453985 67.98200719386946 68.38598211857256 68.79124310848012 69.19776728651297 69.60553176663288 70.01451354788554 70.424689413187 70.83603584359477 71.24852894901838 71.6621443835564 72.07685716298244 72.49264129366276 72.90946929693658 73.32731220949569 73.74614128088209 74.16593239691946 74.58667139611084 75.00835184327873 75.43095042208685
55.23249046171191 55.570882418564835 55.91172456305275 56.25497198947987 56.60058054615797 56.94850683418362 57.29870820558363 57.65114276092331 58.00576934651664 58.36254755124441 58.72143770317335 59.08240086601265 59.44539883549108 59.8103941356914 60.17735001545103 60.54623044482686 60.91700011160757 61.28962441791983 61.664069476853825 62.04030210902806 62.418289839049145 62.79800089163363 63.17940418724705 63.56246933705188 63.947166636857865 64.33346705966875 64.72134224656574 65.11076449538376 65.50170674665884 65.89414256634282 66.28804612458458 66.68339216997227 67.0801559984709 67.47831341641846 67.87784069690346 68.27871452886706 68.68091195829643 69.08441032089257 69.4891871655579 69.89522016838484 70.30248703829903 70.71096541837085 71.12063279128171 71.53146639899272 71.94344317625911 72.35653966369229 72.7707318156064 73.18599461323439 73.6023015765049 74.01962476669411 74.43793649506931 74.85721372064502 75.27744324855843 75.69861935774696
55.60272289408214 55.93885051310154 56.27743953242001 56.618445459313776 56.96182452863012 57.307533702234565 57.655530667761845 58.00577383676418 58.35822234239711 58.71283603666445 59.06957548734998 59.42840197475861 59.789277488262364 60.15216472280853 60.51702707535685 60.883828641401806 61.252534211513826 61.62310926797011 61.995519981457115 62.369733207785075 62.74571648459135 63.12343802793181 63.50286672859623 63.88397214803778 64.2667245136823 64.65109471333395 65.037054288442 65.42457542582109 65.81363094745576 66.20419429788708 66.59623952873989 66.98974127973328 67.38467475561306 67.78101569835992 68.17874035404984 68.5778254336912 68.97824806746965 69.3799857517194 69.78301628796922 70.18731771324241 70.59286822125058 70.9996460752796 71.40762951669703 71.81679667723763 72.22712550461067 72.63859369966684 73.05117862850994 73.46485712253306 73.87960507906422 74.29539696480052 74.71220582489082 75.13000500457517 75.54877252091772 75.96849614644339
55.97499504615135 56.308876241837226 56.645229392178834 56.984010426074775 57.32517597423768 57.66868336930091 58.01449064518571 58.362556535834706 58.71284047339264 59.06530258591428 59.419903694698824 59.77660531132377 60.13536963446538 60.496159546586874 60.8589386105153 61.22367106604744 61.59032182651184 61.95885647545313 62.32924126335912 62.70144310441736 63.075429573372325 63.4511689023171 63.828629977410415 64.20778233540511 64.58859615978658 64.97104227639728 65.35509214831448 65.74071786966557 66.12789215811843 66.51658834567696 66.90678036734356 67.29844274722102 67.6915505814886 68.08607951773023 68.48200573006046 68.87930588937385 69.27795712820908 69.67793699959564 70.07922342926561 70.48179466047614 70.88562919059052 71.29070569893298 71.69700296653522 72.10449979161312 72.51317490870377 72.92300692051774 73.33397423938491 73.74605499928883 74.1592268497463 74.57346654649298 74.98874945023776 75.40504954563004 75.82234117721295 76.2406033946953
56.34926592211141 56.6809187599249 57.01505346531 57.35162639644511 57.69059458818856 58.031915752858595 58.37554828021233 58.72145123676147 59.06958436449614 59.41990807907925 59.772383467601976 60.12697228600301 60.48363695617897 60.842340562925216 61.20304685069733 61.56572022034672 61.930325725775525 62.296829070648045 62.665196605148175 63.035395322800156 63.407392857332056 63.781157479600225 64.15665809450753 64.53386423783195 64.9127460729238 65.29327438706213 65.67542058734092 66.05915669595319 66.44445534450492 66.83128976718564 67.21963379242736 67.60946183268562 68.00074887193448 68.39347045037661 68.78760264590844 69.18312205178164 69.58000574993493 69.97823127942608 70.37777659940575 70.77862004605396 71.18074028264277 71.58411624190101 71.98872705997226 72.3945520026289 72.80157038742254 73.20976150960648 73.61910458038096 74.0295786729715 74.44116263529027 74.85383487889935 75.26757296204154 75.68235308681493 76.09815013080771 76.51493939816366
56.72549539122552 57.05493806674857 57.38687189820795 57.72125367979797 58.05804085788225 58.39719153239648 58.73866445745451 59.082419041259726 59.42841534536314 59.77661408337022 60.126976619166335 60.47946496472303 60.83404177757976 61.19067035805881 61.549314646290696 61.90993921909152 62.27250928677975 62.63699068995556 63.003349896321055 63.37155399750111 63.741570705982994 64.11336835204995 64.48691588080709 64.86218284917726 65.23913942288448 65.61775637325785 65.99800507378438 66.37985749627302 66.76328620645623 67.14826435876613 67.53476569007844 67.9227645121594 68.31223570241936 68.70315469263186 69.09549745518531 69.48924048642914 69.88436078661444 70.28083583592823 70.67864356612573 71.07776232722178 71.47817084867029 71.87984819417957 72.28277370933365 72.68692696118883 73.0922876705086 73.49883564027478 73.90655068824543 74.31541259158985 74.72540103780234 75.13649553843024 75.5486752141833 75.96191837220455 76.37620200432437 76.7915018334773
57.10364417493727 57.43089499407792 57.760645649799955 58.09285337822976 58.42747604371808 58.76447214087554 59.10380079579257 59.445421766509675 59.78929544284991 60.13538284563803 60.48364562540485 60.83404606062667 61.18654705559639 61.54111213796936 61.89770545605903 62.256291775961394 62.61683647854116 62.97930555632571 63.34366561043075 63.709883847417586 64.0779280762626 64.44776670534435 64.81936873948598 65.19270377704602 65.5677420070369 65.94445420618797 66.32281173589243 66.70278653893992 67.08435113590292 67.46747862102437 67.85214265739431 68.23831747124723 68.62597784505164 69.01509910913292 69.40565713149165 69.79762830540523 70.19098953443934 70.58571821441882 70.98179221185518 71.37918983844587 71.77788982110286 72.17787126693344 72.57911362237516 72.98159662556225 73.38530025112578 73.7902046480081 74.19629007400724 74.60353683473126 75.01192523455381 75.4214355323806 75.83204785676158 76.24374198795954 76.65649693108207 77.07029041756742
57.48367383365044 57.808751193868 58.13633648033286 58.466387376240014 58.798862169623135 59.1337197560236 59.47091964026717 59.81042193754312 60.15218737375293 60.496177285268146 60.8423536181155 61.19067892667946 61.54111637197613 61.89362971956335 62.24818333716475 62.604742192050516 62.96327184825033 63.323738463617815 63.68610878686314 64.0503501545391 64.416430488019 64.78431829053936 65.15398264427624 65.52539320746736 65.89852021160874 66.273334458627 66.64980731806607 67.0279107241459 67.40761717265721 67.78889971754359 68.1717319670543 68.55608807929748 68.94194275695183 69.32927124100637 69.71804930311266 70.10825323637056 70.49985984413712 70.89284642652001 71.28719076412006 71.68287109862864 72.07986610987048 72.47815488880539 72.87771690594799 73.27853197439907 73.68058020650692 74.08384196343235 74.48829779812446 74.89392839555364 75.3007145178025 75.70863696115303 76.11767651667192 76.52781388683864 76.93902946521757 77.35130290681114
57.86554675322105 58.18846912576138 58.513906939835074 58.84181833010746 59.17216201327551 59.504897291303614 59.839984053783354 60.17738277954683 60.51705453757864 60.85896098727564 61.20306437812269 61.54932754887097 61.89771392623311 62.248187523177144 62.600712936903506 62.95525534652351 63.31178051053899 63.6702547641236 64.03064501628006 64.39291874699148 64.75704400427873 65.12298940128795 65.4907241134116 65.86021787543979 66.23144097878081 66.60436426872239 66.97895914169648 67.35519754257223 67.73305196179231 68.11249543243845 68.49350152698385 68.87604435369524 69.26009855248003 69.64563929003619 70.0326422540717 70.42108364638479 70.81094017447919 71.20218904143425 71.59480793370672 71.98877500646141 72.384068866101 72.78066854957852 73.1785535000527 73.57770353842372 73.97809882981522 74.3797198442023 74.78254731026551 75.18656216316862 75.59174549008907 75.99807848118498 76.40554239259001 76.81411851164115 77.22378807509178 77.63453204688805
58.24922613119717 58.57001204430048 58.89332035626535 59.21910965695343 59.54733909602245 59.87796838666603 60.21095780855275 60.54626820995803 60.88386100918972 61.22369819539384 61.565742328686675 61.90995653979716 62.25630452921069 62.604750565883855 62.95525948556253 63.30779668879409 63.66232813870022 64.01882035851676 64.3772404289458 64.73755598544865 65.09973521544762 65.46374685549455 65.82956018844304 66.19714504064899 66.56647177921538 66.93751130928325 67.31023507136311 67.68461503870837 68.06062371465097 68.43823412989528 68.81741983967026 69.19815492065881 69.58041396762326 69.96417208951253 70.3494049049932 70.73608853713615 71.12419960708414 71.5137152264208 71.90461298799327 72.29687095487549 72.69046764710964 73.08538202593985 73.48159347516574 73.87908177919367 74.27782709730079 74.67780993332988 75.07901109980891 75.48141167575235 75.88499295884154 76.28973641592792 76.69562363956466 77.10263631663048 77.51075619800565 77.91996501831322
58.63467596285648 58.95334398590675 59.27454082340728 59.5982255235264 59.924357672507426 60.252897398960435 60.58380537728479 60.917042830325045 61.252571531300305 61.5903538051044 61.93035252892715 62.272531132354935 62.61685359694619 62.963284455358995 63.31178879007824 63.66233223174587 64.01488095725213 64.3694016875583 64.72586168529446 65.08422875223448 65.44447122664081 65.80655798057681 66.1704584171518 66.53614246779233 66.90358058950555 67.27274376222618 67.64360348616835 68.01613177924084 68.39030117448515 68.76608471751032 69.14345596387538 69.52238897635287 69.90285832202933 70.28483906908752 70.6683067832015 71.05323752336948 71.43960783700682 71.82739475415946 72.21657578054608 72.60712888921722 72.99903251052864 73.39226552016638 73.78680722490466 74.1826373457436 74.57973599813128 74.97808366870822 75.37766118781623 75.77844969682832 76.1804306095187 76.58358556827824 76.98789639929166 77.39334507427286 77.79991368445361 78.20758441442239
59.021861027074856 59.33842975567951 59.65753318857076 59.97913083472909 60.30318272005238 60.629649392117585 60.95849192410947 61.28967191794621 61.62315150672324 61.95889335644688 62.2968606671602 62.637017173494115 62.97932714467052 63.32375538403897 63.670267228206235 64.01882854574018 64.36940573557058 64.72196572510528 65.07647596811351 65.43290444241956 65.79121964743211 66.1513906016009 66.51338683978514 66.8771784106176 67.2427358738205 67.61003029758305 67.97903325597346 68.34971682635657 68.7220535868998 69.09601661406492 69.47157948014987 69.84871625072202 70.2274014820273 70.60761021820721 70.98931798825478 71.3725008026425 71.75713514942346 72.14319798972377 72.53066675239982 72.91951932769534 73.30973405963279 73.70128973690595 74.09416558203455 74.48834123846562 74.88379675534637 75.28051256965749 75.67846948517266 76.07764864754046 76.47803151446584 76.87959982033142 77.28233553614339 77.6862208289937 78.09123802874507 78.49736960706242
59.410746872092936 59.725234914000595 60.04226304004117 60.361791221947456 60.683779927767596 61.00819012704236 61.33498329521832 61.66412141723717 61.995566990416414 62.32928302666513 62.6652330540618 63.003381117842224 63.34369178082514 63.68613012337835 64.03066174292314 64.37725275302964 64.72586978214247 65.0764799720202 65.42905097590877 65.7835509564622 66.13994858351465 66.4982130316948 66.85831397797465 67.22022159909157 67.58390656901484 67.94934005634843 68.31649372177112 68.6853397155218 69.05585067492478 69.42799972191028 69.80176046063245 70.1771069750276 70.55401382639488 70.93245605086899 71.31240915675886 71.69384912167372 72.07675238935323 72.46109586601793 72.84685691617888 73.23401335774443 73.62254345619307 74.01242591761422 74.40363988044338 74.7961649055963 75.18998096477566 75.58506842672452 75.98140804103643 76.378980919153 76.77776851169672 77.17775258125309 77.57891516994589 77.98123856276757 78.38470525106064 78.78929790383512
59.80129980118285 60.11372576306235 60.4286966944292 60.746173031188455 61.066115685486984 61.38848605131076 61.71324600930872 62.04035793083616 62.369784681264214 62.70148962263358 63.03543661567365 63.37159002119933 63.70991470099458 64.05037601814779 64.3929398369638 64.73757252241951 65.08424093926197 65.43291245076054 65.78355491717764 66.1361366939572 66.49062662973948 66.84699406419124 67.20520882570682 67.56524122899503 67.92706207264338 68.29064263660986 68.65595467973455 69.02297043724556 69.39166261832764 69.76200440369897 70.13396944322875 70.50753185357749 70.88266621588473 71.25934757337922 71.63755142897301 72.01725374270859 72.39843092903713 72.78105985379139 73.16511783079966 73.55058261799527 73.93743241287778 74.32564584715783 74.71520198041469 75.10608029253291 75.49826067471993 75.89172341893946 76.28644920540184 76.68241908796035 77.07961447687131 77.47801711818835 77.87760906887156 78.27837266703906 78.68029049838597 79.0833453633965
60.1934868582847 60.50386933329792 60.81680118388215 61.13224331104969 61.45015707250587 61.77050428864785 62.093247247768545 62.41834871052182 62.74577191365011 63.07548057303844 63.407438886151276 63.741611533858226 64.07796368169774 64.41646098064035 64.7570695673476 65.09975606404481 65.4444875779239 65.7912317002633 66.13995650518707 66.4906305481498 66.84322286420169 67.19770296605306 67.55404084195308 67.91220695347558 68.27217223319975 68.63390808232126 68.9973863682342 69.36257942211847 69.72946003654413 70.09800146306495 70.46817740989712 70.83996203958361 71.21332996671985 71.58825625568775 71.96471641836975 72.34268641179996 72.72214263574506 73.10306193007996 73.48542157194711 73.86919927256474 74.25437317362166 74.64092184303802 75.02882427006979 75.41805985946716 75.80860842456099 76.20045017909459 76.59356572760731 76.98793605408186 77.38354250874072 77.7803667923919 78.17839093766071 78.57759728621879 78.97796846140109 79.37948733750059
60.58727581361557 60.89563336974879 61.20654424322211 61.51996980062266 61.8358718462053 62.15421262826275 62.47495484471291 62.798061647916306 63.12349664880597 63.45122392035061 63.78120800035937 64.1134138937043 64.44780707400014 64.7843534847177 65.12301953985856 65.46377212414671 65.80657859282427 66.15140677107699 66.49822495311899 66.84700190097266 67.19770684301238 67.55030947224058 67.90477994442512 68.26108887605645 68.61920734217415 68.97910687413946 69.34075945732023 69.70413752873807 70.06921397474696 70.43596212869068 70.80435576858646 71.17436911484236 71.54597682800939 71.91915400655775 72.2938761846887 72.67011933010473 73.0478598417621 73.42707454752737 73.80774070167854 74.18983598221614 74.57333848786394 74.9582267346754 75.34447965213434 75.73207657860311 76.12099725595166 76.5112218232477 76.90273080928894 77.29550512382463 77.68952604729482 78.08477521882875 78.48123462201544 78.87888656781507 79.27771367365784 79.67769883822767
