data/state_boating/state_boating_openses.asc
ncols         645
nrows         454
xllcorner     0
yllcorner     0
cellsize      1
NODATA_value  -99.
[rows 120 to 143 of 454, columns 486 to 539 of 645]
9.121750249242245 8.627493903272699 8.144724865364058 7.696417751638235 7.351496410460764 7.050812384169372 6.802576151733023 6.608988310798242 6.462951780947031 6.355569019408862 6.284828485675465 6.249007225618758 6.239770249409081 6.213388416539616 6.264349676270602 6.334271014864216 6.429585400460306 6.553122167436459 6.706124885831882 6.88873729142824 7.100220148040992 7.339158875537682 7.603678876215036 7.891644505791472 8.200823448284268 8.529009796254819 8.874107505973875 9.234180376183149 9.607476273105995 9.992433100448325 10.387672875633138 10.791988822533485 11.204328985916767 11.623779604906755 12.049551678927788 12.480935983072804 12.91713778819343 13.35778867272907 13.807241082280926 14.218770682540294 13.904082539985238 13.574664815876098 13.257442808935387 12.95341244654579 12.664335706410315 12.392239734128939 12.139603526653211 11.909326063842295 11.704137562964187 11.524658187046766 11.365291153508512 11.210216800430262 11.042098879615313 10.867402284318091
9.303840635962802 8.852169506485977 8.428484397587637 8.050784259651794 7.741044102043803 7.474643243629119 7.2554562847888535 7.081968909173207 6.947783502576679 6.848185621454522 6.782555054258598 6.74900394127174 6.739090716232492 6.713388370612105 6.761858040017204 6.828208668889185 6.918331703664458 7.0347507206690345 7.178627333554753 7.350230778078824 7.549102275276463 7.774196231156572 8.024034894755724 8.296861647458828 8.590776550718102 8.903845412266113 9.234180376183149 9.579994291217677 9.939633227711749 10.311592151560115 10.694518503805721 11.087207716495781 11.48859379882703 11.8977374930056 12.313815885623496 12.736109199388887 13.163912120799772 13.596412217454333 14.034332670092226 14.477702965342978 14.27890591046718 13.959531402096179 13.652395877566406 13.35894022146973 13.080919031356991 12.820420657869416 12.579958819538424 12.362216304186429 12.168970104962431 11.99844197595139 11.841237539250795 11.680478227730141 11.507916572367636 11.339631269186143
9.539868111048447 9.132681235766956 8.761610101566232 8.435469918461955 8.15554165944807 7.9161693695544 7.718415805705801 7.55949819082554 7.434749521739889 7.341846600958473 7.280610843837366 7.248995600339175 7.238445372630975 7.213388355302943 7.259600719341265 7.322750669013563 7.408283872176083 7.518466655399788 7.654366893077803 7.816317769211547 8.004052170675106 8.21679953292798 8.453395822828496 8.712399979836235 8.99220334822045 9.291123153618516 9.607476273105995 9.939633227711749 10.286054472975872 10.645312064800116 11.016100014203108 11.397236419242432 11.787659987818905 12.186423006733026 12.5926832856213 13.005698675668624 13.424799932556818 13.849246765471184 14.278408803487814 14.717405503056609 14.662120611028374 14.352314313736615 14.055076435890662 13.77195632819126 13.504735952389048 13.255563286999768 13.026891764455494 12.820916533508417 12.637963745470211 12.473400150252731 12.31490547280967 12.148333103743434 11.975520390027135 11.816171562961326
9.831249498555348 9.464518497367065 9.134265162358927 8.842629552994808 8.587421839913876 8.369317709908428 8.187855234515293 8.040235879065753 7.923409719852638 7.836341945650669 7.7789288622492085 7.748979321231747 7.7378317015429054 7.71338835019987 7.757545813450299 7.817805738943493 7.899240562844848 8.003900511235363 8.132759636662264 8.28617752288502 8.46401713744888 8.665712408497264 8.890345758873003 9.136735630364747 9.403523596985305 9.689252773360334 9.992433100448325 10.311592151560115 10.645312064800116 10.992254296275632 11.35117436097555 11.72092879577462 12.100476397735969 12.48887544537033 12.885278511399914 13.288928182343039 13.699152200679569 14.115301053610764 14.53658739919676 14.96506063848882 15.052971323904874 14.752470323929266 14.46492693901333 14.19191085181117 13.935254295620869 13.697120478119423 13.479740730144563 13.284480307549522 13.109746485013082 12.948026193382555 12.785995342582206 12.615419697550347 12.445962671899714 12.296416458302508
10.166477122570864 9.83322354989989 9.533300948300326 9.266378890717009 9.031544171342583 8.830380130744146 8.66177132449012 8.523405928532272 8.413445564734634 8.331515921082657 8.277458900908126 8.24895277428617 8.237247424559065 8.213388348498846 8.255667048132354 8.31330140579859 8.391046588616076 8.490770755717605 8.613359594637169 8.759176581258913 8.928172156628788 9.11993222477889 9.333732322737664 9.568602804724602 9.823397497077144 10.096858534096627 10.387672875633138 10.694518503805721 11.016100014203108 11.35117436097555 11.698568070295165 12.057187456428338 12.426023373914076 12.804151882131281 13.19073198203198 13.585002309879911 13.986280312490557 14.393947670029839 14.807330858045582 15.226433259080428 15.450887551328245 15.159497224944959 14.881442719936887 14.618315673679742 14.371989980959704 14.144552101783505 13.93778842861103 13.751860888288086 13.582944730981588 13.421263495491953 13.255049548864468 13.083229848963649 12.919577242152275 12.77970370651213
10.533533676753326 10.226936684189148 9.950055337479082 9.702463976269014 9.484486943719917 9.297084815559908 9.1389984129154 9.008515337678459 8.904617618624362 8.827250040522745 8.77616240639425 8.748914136269486 8.736690476010557 8.713388347931819 8.753942554710314 8.809179020468424 8.883579572806093 8.978858172963433 9.095819880203049 9.234818946939676 9.395863821263314 9.57865340289536 9.782614502334232 10.006949923300514 10.25069213906129 10.512756376910835 10.79198882910092 11.087207718054776 11.397236419192597 11.720928795500084 12.057187456258863 12.404975936974484 12.763325896206226 13.131340392806381 13.508194157854945 13.89313187464376 14.285467196870634 14.6845828635562 15.089887079360356 15.500777704055926 15.844772062832371 15.57293428882394 15.304172470785131 15.050731742613777 14.814482356227497 14.597294772092539 14.400242400470157 14.221941121154506 14.056327258533292 13.892674503237457 13.723099114537215 13.552791406592636 13.396266777951661 13.26544816481725
10.923193635915034 10.637889889422851 10.37940561915891 10.147858298993977 9.943973392452104 9.768006406987675 9.618812555868935 9.495222217079782 9.39674082341369 9.323452225760029 9.275009204997401 9.248862042726788 9.236158979304472 9.213388347742827 9.25235396893212 9.305390397346152 9.376741171916317 9.467988828348417 9.579866132178346 9.712710845085606 9.86656903941076 10.041223676762593 10.236220194580746 10.450901572263458 10.684449986948875 10.935929956865744 11.204329051010134 11.488593837746091 11.787660000972023 12.100476399608425 12.426023372906648 12.763325895221875 13.111462330210891 13.469569573419701 13.836845312257422 14.212548043736653 14.595996230881136 14.986569897417732 15.383703859097345 15.78676098196238 0.0 0.0 0.0 0.0 15.262269919170247 15.05473891020085 14.866234213181741 14.693600132687372 14.528967740098109 14.362438908502027 14.191251917372297 14.024644779279324 13.875734292537105 13.753173657125979
11.32915005947589 11.061316195042178 10.818233495346611 10.60041410228012 10.408469113409843 10.24221663481783 10.10073033695251 9.98327275293853 9.88966912836176 9.820049644994162 9.773975315467858 9.74879553941879 9.73565122597019 9.713388347679812 9.750885748576634 9.80189545360738 9.870451100740306 9.958022444808403 10.065278057504383 10.192535567753275 10.339864578440798 10.507110598323624 10.69391226258747 10.899726534998141 11.12386078124783 11.36550761861405 11.623779040757878 11.897737555030481 12.186423131526334 12.48887551101327 12.80415190240396 13.13134039454299 13.469569571090933 13.818014892177759 14.175902408148055 14.542510289384776 14.917168804052428 15.299260976477619 15.688225381902685 16.083490074497224 0.0 17.069776377924395 16.58093736365264 16.114420320837365 15.714869192391534 15.516215807054246 15.33484138724471 15.165812691324646 15.000369863681827 14.83117334780906 14.660412653350484 14.498961245462166 14.357623448102101 14.242505425993436
11.747280050964154 11.494257382851867 11.264491286409326 11.058597218225033 10.876917424707388 10.719083291808005 10.584406450763582 10.472469507183689 10.383285361576554 10.316983821575059 10.273041434851592 10.24871403392774 10.235165657296838 10.213388347658825 10.249524647249096 10.298660496695767 10.364642938573493 10.448844275471068 10.551876371190422 10.67403530732958 10.815404491829803 10.975875940945961 11.1551616705026 11.352811453800863 11.56823728903665 11.800741387962232 12.049544619290682 12.31381327497071 12.592682917500953 12.885278723451055 13.190732177203675 13.50819424628388 13.836845335638554 14.175902408577123 14.524623696896303 14.88231138998271 15.248312647144568 15.622019950737016 16.002873852403695 16.390344255615283 16.85283439001908 17.27945034736954 16.850084998135255 16.46981454279516 16.171759489958056 15.981000180154972 15.805136808385198 15.637743796880208 15.470393252427398 15.299484115702576 15.131578841855177 14.979336431459528 14.851586499957168 0.0
12.174886609903519 11.934771656973773 11.716733226656673 11.521297709691993 11.348570615410193 11.198155354114435 11.069580351609476 10.962654161102158 10.877494246890933 10.814207197321242 10.772191859291048 10.748617248378688 10.734700848279791 10.713388347651863 10.748259302974636 10.795656949880394 10.859261105939488 10.940359290271513 11.039513389743126 11.156997870125668 11.292903264283305 11.44715610427208 11.619526315359886 11.809639382629268 12.016994800751107 12.240988416926092 12.48093602491357 12.736096243776512 13.005691452385987 13.288926124954829 13.585002309089553 13.893132245487786 14.212548289068199 14.54251038628394 14.882311413181235 15.231280683226693 15.588785875964472 15.954233780030084 16.32707171164814 16.706786910515106 17.116555578901743 17.5319859263706 17.180590283982283 16.870523427772493 16.631831463800285 16.447774544242694 16.279621743664794 16.128387498732128 0.0 0.0 0.0 0.0 0.0 0.0
12.610144214992577 12.381490946524565 12.17388668488173 11.98769891391909 11.822883578560573 11.679096814422701 11.556047273291185 11.453697203788106 11.372217421247921 11.311680658597878 11.271413696250278 11.248505174081524 11.234255493573876 11.213388347649575 11.247079912881667 11.292860384002358 11.35425863428378 11.432487930496485 11.528066139400815 11.64124683170809 11.772123115586732 11.920647049734816 12.086634360304894 12.269772433505313 12.469634018283822 12.685694940124684 12.91735358414296 13.163950362676305 13.424785984417932 13.699137840638542 13.986274180375613 14.285465984209512 14.59599659866585 14.91716928755151 15.248312911813924 15.58878597352888 15.937979233564768 16.295317079172925 16.66025841396482 17.032299518794694 17.41485746829969 17.812067527177152 17.563203342063723 17.30206628509393 17.094819426579406 16.921306018013166 16.771116722091392 0.0 0.0 0.0 0.0 0.0 0.0 0.0
13.051750325856968 12.833391553051165 12.635132169611772 12.457188231064018 12.299446765719848 12.161647836529504 12.043641562293416 11.945491203450208 11.867389785815188 11.809371718159618 11.770696277888677 11.748378028745659 11.73382839517724 11.713388347648777 11.74597797342879 11.790249769162438 11.849595487565344 11.92516294968005 12.01743122501395 12.126634147612162 12.252864345811 12.396092651632117 12.556171088471377 12.732837772959376 12.925726884631757 13.134382594323194 13.35827507803745 13.596817017499006 13.849379470609257 14.115306424058998 14.393927659270808 14.684569781368193 14.986565404178862 15.299260575488054 15.622020583063659 15.954234313990383 16.295317340751446 16.644713858008252 17.001897717857787 17.366374680024922 17.73641088187528 18.117185602325 17.979478551526416 17.75126849899911 17.56631401927547 17.412483175936657 0.0 0.0 0.0 0.0 0.0 0.0 0.0 0.0
13.448500446523092 13.289675979982208 13.099832150312587 12.929296642680773 12.77794358799966 12.645601294734474 12.53222644169842 12.437946099810508 12.362956779043165 12.307253154858268 12.270030716758109 12.248236216757029 12.233418451605456 12.213388347648511 12.244946071151244 12.287806887976057 12.345237277194743 12.418327022922472 12.507520952216487 12.613034537316913 12.734957921382627 12.873275628220073 13.0278684975501 13.198516323316698 13.384904898765747 13.586636856674364 13.803244764794881 14.034205060669676 14.278951786997181 14.536889454139043 14.807404640032793 15.089876137837946 15.383683595758185 15.68821468070463 16.002870852872743 16.32707187267867 16.660259176591207 17.001898233608635 17.35147996294674 17.70852222645499 0.0 18.546367897446345 18.41731877589236 18.21680911604022 18.056812216840754 0.0 0.0 0.0 0.0 0.0 0.0 0.0 0.0 0.0
13.13134038105796 13.508194152790937 13.567483861801316 13.403657632980444 13.258122968627585 13.130788093973585 13.021687298079364 12.930985745331194 12.858872304854156 12.805301979960687 12.769409564345418 12.748080292850684 12.73302464835134 12.713388347648456 12.74397771275744 12.78551586975192 12.84115426320298 12.911930910153668 12.99826035602145 13.10034116484143 13.218259726430674 13.352010429884578 13.50149702572493 13.666533631419046 13.846849495867309 14.042097326220661 14.251863934201761 14.475681961126542 14.713041726842464 14.963402555328782 15.226203180135242 15.500871015094024 15.786830200787708 16.083508420153326 16.39034253035949 16.706783092540924 17.032297901548517 17.366374615125977 0.0 0.0 0.0 19.022761995820122 0.0 0.0 0.0 0.0 0.0 0.0 0.0 0.0 0.0 0.0 0.0 0.0
12.804151903303424 13.190732296696616 13.585004655455212 13.861760812559805 13.739781323967273 13.617067611130194 13.511927015299138 13.424545279942304 13.355097136504323 13.3034986408198 13.268826545300554 13.247910929365899 13.232646049455042 13.21338834764847 13.243067186164142 13.283362816625747 13.33732056753217 13.405932025677636 13.489584894868575 13.588462279097367 13.702646063019493 13.832137620213283 13.976858937563081 14.136652467922183 14.311284126689372 14.500449578311216 14.703782831569255 14.920866066941004 15.151239827368393 15.394412959114653 15.64987190861521 15.917089146262747 16.195530604152836 16.484662093311034 16.78395471769302 17.092889336013798 17.41096014437638 17.737677461644196 0.0 0.0 0.0 0.0 0.0 0.0 0.0 0.0 23.212819292949078 22.723465853084722 22.23711217194831 21.75538959229975 21.281255109475712 20.820179492812503 20.38202547760731 19.98237757301591
12.488875507586604 12.885279772048825 13.288934630060018 13.6991687685661 14.101614804142597 14.10432121005423 14.002862575315334 13.918569094568928 13.85159767190087 13.801826399876097 13.76827634825567 13.747728887143921 13.732281790037417 13.713388347648475 13.742209446065337 13.781335500583372 13.83371354707603 13.900293310405594 13.981438640098766 14.077318573089583 14.188010096753038 14.313519403276201 14.453783006787603 14.608666807181843 14.777967726582464 14.96141834457343 15.158693779203881 15.369419888451526 15.593182008834184 15.829533656666898 16.078004807611546 16.338109518576225 16.609352763245603 16.8912364265285 17.18326445289025 17.484947176349564 17.795804881703784 0.0 0.0 0.0 0.0 0.0 22.079527217946467 22.43218693615865 22.834926643892235 23.273833967413104 23.11761940322809 22.617624548229468 22.117639983233605 21.617686288246023 21.11782520328286 20.61824194839336 20.11949218372446 19.623242889717766
12.186423112913847 12.592686308461406 13.005709797357778 13.424830457772659 13.84943169379846 14.278926859796277 14.492352207191626 14.413009226965272 14.34834495244354 14.300270845052422 14.267754459559033 14.247534990022027 14.231931069669988 14.213388347648477 14.24140001910737 14.279423115799043 14.330313288755589 14.394982332825114 14.473772839101782 14.566841087634645 14.674259024652903 14.796036037052934 14.93212021657731 15.082396909666048 15.24668931781229 15.424761801196597 15.616325329766571 15.82104429432552 16.03854397692728 0.0 16.554049107276924 16.77685756105001 17.029123733601633 17.30169160168701 17.587061825556567 17.882250687071974 18.186366253074105 0.0 0.0 20.48470928410721 20.837014264311502 21.23980881483612 21.679922691014177 22.142171996766315 22.617015327279827 23.099180882829536 23.197969866423534 22.70523850381532 22.214047563026334 21.72500263724026 21.239102956193626 20.75809875022332 20.285223662045176 19.826681883427117
11.897737504590994 12.313819468262949 12.736114174983241 13.163947482872903 13.596675791130783 14.033705309113978 14.474533961917993 14.834339163395518 14.845313882002365 14.798819499901056 14.767257029957992 14.747330102790475 14.731593146475063 14.71338834764841 14.740634924847363 14.777616074597669 14.827102199017771 14.889970565071 14.96654476372279 15.056969531977002 15.16131179987008 15.279582936860631 15.41174026216253 15.557685286894403 15.717263535359198 15.890266779558383 16.07643730015412 0.0 16.52033129962504 0.0 17.046063873831983 17.232422023093694 17.458991160046907 17.717274647122704 17.99464970194564 18.283800653382247 18.581913979121662 19.0146184210348 19.492186568339108 19.98470928410721 20.482216856029776 20.981386046670632 21.48110911021772 21.981016798066744 22.480986027349616 22.9809757704439 23.30633663137062 22.823332625747 22.343906871108697 21.869417944430978 21.402011386943208 20.945185766565352 20.50475315482733 20.090328221647916
11.62377896638177 12.049544538683225 12.480890356782668 12.917108702104407 13.357558242559659 13.801731020211777 14.249289593059611 14.70005338485033 15.152229856525874 15.298303253642777 15.266780766856783 15.247115112417013 15.23126733186135 15.213388347648321 15.239910609503596 15.275905838157927 15.324064667233285 15.385232794627816 15.459716778878992 15.547650926825847 15.649097289448427 15.764068319914239 15.892528689404568 16.034393375080153 16.189526905745083 16.357744742577722 0.0 0.0 0.0 0.0 17.543402129350333 17.700688063494688 17.901009163726943 18.14074814993419 18.406938963965317 18.689111719399463 18.98159981780897 19.335005603310325 19.74167810778585 20.183182786237953 20.645426124828685 21.119811527849926 21.601471186287935 22.087684132577337 22.57689820541755 23.06819254559226 23.44970900391788 22.979364166797556 22.5151541959625 22.059273795944666 21.615014477009986 21.187358371988612 20.78378074977642 20.415077818525713
11.365507669876422 11.800693521698348 12.24070504901445 12.684849749612766 13.132636366587475 13.583807399099133 14.038278868237523 14.496054339135469 14.957113736792117 15.421316513022166 15.729303431266642 15.731562874314152 15.73095298582005 15.713388347648223 15.739223890139256 15.774284775117403 15.821186787535671 15.880746642230216 15.953255582937054 16.038838499120562 16.137552771703454 16.249411277268884 16.3743845403292 0.0 0.0 0.0 0.0 0.0 0.0 0.0 18.042514881189717 18.17769625349643 18.354529770989952 18.574026167524394 18.825807168680925 19.098766054442265 19.384996550725603 19.69601456303263 20.047631043566497 20.438972861320792 20.861128368363854 21.30485898006068 21.763148244185547 22.231257625180852 22.706124058135273 23.18577919290574 23.62892248637994 23.17392261519821 22.727918477790567 22.293853396317765 21.875891425226634 21.4798658234855 21.11369182346808 20.78739433504468
11.123861493751502 11.568045991191847 12.016237765907611 12.467998444955748 12.923214046810097 13.381936158957835 13.844214192806357 14.310036727362172 14.779198181513372 15.251369169840055 15.726331901865157 16.124514039885685 16.229709225348937 16.21338834764819 16.238571907406165 16.27274604277345 16.318456127310874 16.376492163735772 16.447131583355414 16.530490775093995 16.626622702071735 16.735540185648738 0.0 0.0 0.0 0.0 0.0 20.04221913180284 19.54221913180284 19.04221913180284 18.54221913180284 18.660561200306123 18.817604442750515 19.01740050568266 19.252839265306985 19.514081020669476 19.792447289627813 20.083965641460924 20.400551569297726 20.7506855929751 21.133619665484886 21.543652204454148 21.97425796005885 22.419925187473183 22.87653434694134 23.34116491820076 23.807479099940714 23.405050813792332 22.979367499851453 22.569019626035836 22.178623426337666 21.8141656562787 21.4830115015171 21.193355217743548
10.899728867243082 11.352451137818315 11.80871436081173 12.268645094548793 12.732453788483534 13.200185084224703 13.671668826883835 14.146579371874232 14.62443674227708 15.105143131542471 15.588451417821489 16.074018254943844 16.537612328218383 16.71275076058643 16.736556741499534 16.771164306024573 16.815889493934048 16.872460141059452 16.94131866644095 0.0 0.0 0.0 0.0 0.0 0.0 21.213754743028527 20.72034550812037 20.24011780339549 19.79943468922084 19.395723227395578 19.042120548673882 19.147379514592345 19.288111523818532 19.469981986624077 19.6886614429656 19.936347640257274 20.204890658845397 20.486029851987354 20.78265177338421 21.103374960412275 21.45296218454057 21.830535195248444 22.23204697538478 22.652685441545774 23.088117445307923 23.53487562416614 23.99257090552134 23.66965630896714 23.265422863259232 22.879391681088872 22.516215991466304 22.181493322555397 21.881480917974315 21.62227328889637
10.693915597049916 11.15544135220704 11.621226159841555 12.09152120928134 12.566143637765414 13.044610887509542 13.526333864134562 14.010354829052952 14.496712971693691 14.98666044905344 15.478668357147997 15.972054203120269 16.466451101489945 16.95568983861233 17.22010751109771 17.26822583012214 0.0 0.0 0.0 0.0 0.0 0.0 22.20977017571943 22.360599533723356 21.87039170932046 21.38497374806981 20.928719864317863 20.499498637552417 20.12085669006412 19.79937366126221 19.542087687630826 19.636933522600945 19.76424774061128 19.930376979843782 20.132988767599063 20.36629483632836 20.62337032684138 20.896019058286768 21.18100655407695 21.482558970158692 21.806648093623142 22.156052626148508 22.52985264082417 22.924996046762114 23.33780364000324 23.764822353164718 24.20464694362547 23.964148826602656 23.581595642321236 23.219427894755725 22.882019311213313 22.574260719910527 22.301121491355982 22.06678526884257
10.507104080229238 10.980466380992535 11.459785897314374 11.94367820481057 12.430966421375405 12.920751912566642 13.41238699846386 13.903870637537004 14.398090428095381 14.896163691614772 15.395521446121169 15.8953073642899 16.395236003679475 16.89521221680933 0.0 0.0 0.0 0.0 0.0 20.698848096243776 21.01763990100827 21.388984432455434 21.800149427785442 22.235588208896722 22.056817208683317 21.609831416916123 21.19676527055789 20.821647122413395 20.49945380948756 20.24002281014415 20.042076733949806 20.128441311715804 20.24463067858423 20.397151330492058 20.584981054356305 20.80398024149641 21.048613509259738 21.312028295619765 21.58855522777479 21.877796248846067 22.183767070248997 22.51062170304164 22.86000113042128 23.230995114641885 23.621200364955083 24.027717020651462 24.44821969664035 24.284827655157954 23.92347749828687 23.583997407654852 23.27028996591883 22.98641799368269 22.73612161451183 22.522040492019052
