data/marine_mishaps/marine_mishaps1.asc
ncols         645
nrows         454
xllcorner     0
yllcorner     0
cellsize      1
NODATA_value  -99.
[rows 69 to 91 of 454, columns 530 to 582 of 645]
0.0 0.0 0.0 0.0 0.0 0.0 0.0 0.0 -37.252933174496505 -34.116771842073504 -32.13438569393657 -33.07516574919176 -34.38152348509207 -36.08049893032866 -37.07994131526241 -37.89611927439388 -39.05085782570635 -40.6269843426173 -42.65684274842847 -45.14355343198818 -48.00616001257639 -51.05966871937363 -54.08899285987009 -56.767748719216925 -55.277232455654676 -53.92039620723361 -52.894514937077886 -52.13388967669875 -52.86611426783498 -50.620206254614914 -45.880268747328955 -41.226122037261035 -36.68864036695772 -32.26997419288721 -28.016641409426093 -23.99516849859447 -20.297054301036237 -17.037462109001467 -14.329753344762635 -12.174563090207277 -14.329753344762635 -17.037462109001467 -20.297054301036237 -23.99516849859447 -28.016641409426093 -32.26997419288721 -36.68864036695772 -41.226122037261035 -45.85268855922731 -45.94717475316728 -41.85185320957164 -37.95554079853065 -34.303896100762685
0.0 0.0 0.0 0.0 0.0 0.0 0.0 0.0 -33.90431141565627 -29.71208109395303 -27.13539012884334 -28.17984703465479 -29.646444100238245 -31.457307023382413 -32.11060848324532 -32.97230718234327 -34.25969005880687 -36.011301219469324 -38.27929451723087 -41.02718414160094 -44.070848699123346 -47.137426773479916 -50.06159488896394 -52.3707892523808 -50.539201744887464 -49.070940635287776 -47.95896928526847 -47.13390207712975 -47.95896928526847 -48.32865455065913 -44.32291079386121 -39.46859890654432 -34.73994159613762 -30.08682447924077 -25.544212373138496 -21.16676647720729 -17.037462109001467 -13.272200640603128 -10.000364106899847 -7.255922317655457 -10.000364106899847 -13.272200640603128 -17.037462109001467 -21.16676647720729 -25.544212373138496 -30.08682447924077 -34.73994159613762 -39.46859890654432 -44.241855260014304 -43.43424625801283 -39.08071343369393 -34.9141741511545 -30.96431547496219
0.0 0.0 0.0 0.0 0.0 0.0 0.0 0.0 0.0 -25.67845440733567 -22.138403433563646 -23.315282419261045 -24.987397327484338 -26.841465126797285 -27.117834903193142 -28.095320554680345 -29.52920995453868 -31.503903342841095 -34.07014582171791 -37.07522627159144 -40.188075003255534 -43.138339539013664 -45.953436822418475 -47.836152381153205 -45.85035205243063 -44.25044239299336 -43.035944870459524 -42.13393927842256 -43.035944870459524 -44.36913881404473 -42.9930155685925 -38.129784806640956 -33.247235869913354 -28.39928577991893 -23.6046025483712 -18.895792960969143 -14.329753344762635 -10.000364106899847 -6.035533905932738 -2.5 -6.035533905932738 -10.000364106899847 -14.329753344762635 -18.895792960969143 -23.6046025483712 -28.39928577991893 -33.247235869913354 -38.129784806640956 -42.97628188127252 -41.33731115929418 -36.71724609755828 -32.27130800861855 -28.016641409426093
0.0 0.0 0.0 0.0 0.0 0.0 0.0 0.0 0.0 -22.147443347724565 -17.14744334772456 -18.50097705537302 -20.43054000900815 -22.173858271377878 -22.138403433563646 -23.27599506555247 -24.87702014771245 -27.160998121799828 -30.072506812375195 -33.23753833028925 -36.237544683780854 -39.021611210515935 -41.84129514024745 -43.3959019826797 -41.226122037261035 -39.46859890654432 -38.129784806640956 -37.134050882301 -38.129784806640956 -39.46859890654432 -40.81632997672395 -37.134050882301 -32.13438569393657 -27.13539012884334 -22.138403433563646 -17.14744334772456 -12.174563090207277 -7.255922317655457 -2.5 1.7677669529663689 -2.5 -7.255922317655457 -12.174563090207277 -17.14744334772456 -22.138403433563646 -27.13539012884334 -32.13438569393657 -37.134050882301 -42.009857736450904 -39.617688545700524 -34.8135210706691 -30.09453292827965 -25.544212373138496
0.0 0.0 0.0 -10.54737854124365 -6.035533905932738 -2.5 0.0 0.0 0.0 0.0 -12.174563090207277 -13.777105330934273 -15.993521152969732 -17.383377882413612 -17.14744334772456 -18.458827739652342 -20.35177143999663 -23.06750416233106 -26.279311378010224 -29.36714508446894 -32.12463653675378 -34.86141942431586 -37.85978929222971 -39.07583239130858 -36.68864036695772 -34.73994159613762 -33.247235869913354 -32.13438569393657 -33.247235869913354 -34.73994159613762 -36.68864036695772 -37.80281562545345 -33.247235869913354 -28.39928577991893 -23.6046025483712 -18.895792960969143 -14.329753344762635 -10.000364106899847 -6.035533905932738 -2.5 -6.035533905932738 -10.000364106899847 -14.329753344762635 -18.895792960969143 -23.6046025483712 -28.39928577991893 -33.247235869913354 -38.129784806640956 -41.707403674980924 -37.83102522501786 -33.285219218786345 -28.41891917555225 -23.6046025483712
0.0 0.0 0.0 0.0 -2.5 1.7677669529663689 0.0 0.0 -9.503511919590578 0.0 -7.255922317655457 -9.23210877523439 -11.64513152982897 -12.451609048051026 -12.174563090207277 -13.74506374956062 -16.080015314258727 -19.29748386676142 -22.54108812348519 -25.283009732576183 -27.907052432975142 -30.82797539320874 -34.149015870437125 -34.91450070446895 -32.26997419288721 -30.08682447924077 -28.39928577991893 -27.13539012884334 -28.39928577991893 -30.08682447924077 -32.26997419288721 -34.91450070446895 -34.73994159613762 -30.08682447924077 -25.544212373138496 -21.16676647720729 -17.037462109001467 -13.272200640603128 -10.000364106899847 -7.255922317655457 -10.000364106899847 -13.272200640603128 -17.037462109001467 -21.16676647720729 -25.544212373138496 -30.08682447924077 -34.73994159613762 -39.57082432470963 -38.09701976354458 -34.927817884814644 -31.477433306949024 -27.133989898293784 -22.138403433563646
0.0 0.0 0.0 2.5 0.0 0.0 0.0 0.0 -5.069575677934526 -2.5 -2.5 -5.069575677934526 -7.233082975109165 -7.463707299607538 -7.255922317655457 -9.253698406282815 -12.260602051659127 -15.790262275224274 -18.545691535607325 -20.99157101108261 -23.805294293445204 -27.110145804687114 -30.8162691006779 -30.96431547496219 -28.016641409426093 -25.544212373138496 -23.6046025483712 -22.138403433563646 -23.6046025483712 -25.544212373138496 -28.016641409426093 -30.96431547496219 -34.303896100762685 -32.26997419288721 -28.016641409426093 -23.99516849859447 -20.297054301036237 -17.037462109001467 -14.329753344762635 -12.174563090207277 -14.329753344762635 -17.037462109001467 -20.297054301036237 -23.99516849859447 -28.016641409426093 -32.26997419288721 -36.68864036695772 -37.960675295246084 -34.32465301032742 -31.02105849606858 -28.118518760820837 -25.569728803751502 -22.903069345234968
-27.5 0.0 0.0 -2.5 0.0 0.0 0.0 0.0 -1.7677669529663689 1.7677669529663689 1.7677669529663689 -1.7677669529663689 -2.5 -2.5 -2.5 -5.273500981126146 -9.196872149797304 -12.084378130857496 -14.14740972490521 -16.787784014378488 -20.083782531659917 -23.850708019656768 -27.917848555921235 -27.294991776345352 -23.99516849859447 -21.16676647720729 -18.895792960969143 -17.14744334772456 -18.895792960969143 -21.16676647720729 -23.99516849859447 -27.294991776345352 -30.96431547496219 -34.91450070446895 -30.96431547496219 -27.294991776345352 -23.99516849859447 -21.16676647720729 -18.895792960969143 -17.14744334772456 -18.895792960969143 -21.16676647720729 -23.99516849859447 -27.294991776345352 -30.96431547496219 -34.91450070446895 -39.07583239130858 -34.91450070446895 -30.96431547496219 -27.294991776345352 -23.99516849859447 -21.16676647720729 -18.895792960969143
-22.5 -17.499999999999993 -12.5 -7.499999999999999 0.0 0.0 0.0 0.0 1.7677669529663689 -1.7677669529663689 -1.7677669529663689 1.7677669529663689 2.5 2.5 1.7677669529663689 -2.5 -7.124557785706989 -7.486856676666149 -9.75962733224264 -13.064806407009788 -16.922777302476252 -21.113573226402377 -25.463494754370334 -23.99516849859447 -20.297054301036237 -17.037462109001467 -14.329753344762635 -12.174563090207277 -14.329753344762635 -17.037462109001467 -20.297054301036237 -23.99516849859447 -28.016641409426093 -32.26997419288721 -34.303896100762685 -30.96431547496219 -28.016641409426093 -25.544212373138496 -23.6046025483712 -22.138403433563646 -23.6046025483712 -25.544212373138496 -28.016641409426093 -30.96431547496219 -34.303896100762685 -37.955945361967395 -36.68864036695772 -32.26997419288721 -28.016641409426093 -23.99516849859447 -20.297054301036237 -17.037462109001467 -14.329753344762635
-24.678469549643115 -20.072390335938188 -16.035533905932734 -12.499999999999996 -17.499999999999996 0.0 11.44233004317364 6.523689270621825 1.7677669529663689 -2.5 -2.5 2.5 2.5 -1.7677669529663689 -2.5 -5.44018911717182 -5.273500981126146 -2.5 -6.035533905932738 -10.000364106899847 -14.329753344762635 -18.895792960969143 -23.472516296607985 -21.16676647720729 -17.037462109001467 -13.272200640603128 -10.000364106899847 -7.255922317655457 -10.000364106899847 -13.272200640603128 -17.037462109001467 -21.16676647720729 -25.544212373138496 -30.08682447924077 -34.73994159613762 -34.91450070446895 -32.26997419288721 -30.08682447924077 -28.39928577991893 -27.13539012884334 -28.39928577991893 -30.08682447924077 -32.26997419288721 -34.91450070446895 -37.955945361967395 -39.56985246049838 -34.73994159613762 -30.08682447924077 -25.544212373138496 -21.16676647720729 -17.037462109001467 -13.272200640603128 -10.000364106899847
-22.917102308367415 -21.971476943722422 -20.072390335938195 -17.49999999999999 -21.035533905932724 0.0 0.0 0.0 -2.5 -5.44018911717182 -2.5 1.7677669529663689 1.7677669529663689 -1.7677669529663689 1.7677669529663689 -2.5 -2.5 1.7677669529663689 -2.5 -7.255922317655457 -12.174563090207277 -17.14744334772456 -22.138403433563646 -18.895792960969143 -14.329753344762635 -10.000364106899847 -6.035533905932738 -2.5 -6.035533905932738 -10.000364106899847 -14.329753344762635 -18.895792960969143 -23.6046025483712 -28.39928577991893 -33.247235869913354 -37.80281562545345 -36.68864036695772 -34.73994159613762 -33.247235869913354 -32.13438569393657 -33.247235869913354 -34.73994159613762 -36.68864036695772 -39.07583239130858 -41.80416318450344 -38.129784806640956 -33.247235869913354 -28.39928577991893 -23.6046025483712 -18.895792960969143 -14.329753344762635 -10.000364106899847 -6.035533905932738
-18.04415419045711 -17.14744334772456 -17.14744334772456 -18.04415419045711 0.0 0.0 -17.25592231765545 -12.255922317655457 -7.255922317655457 -8.447336647721537 -4.97589994089776 -2.5 -1.7677669529663689 1.7677669529663689 -1.7677669529663689 -5.5748039042513575 -5.44018911717182 -2.5 -6.035533905932738 -10.000364106899847 -14.329753344762635 -18.895792960969143 -22.138403433563646 -17.14744334772456 -12.174563090207277 -7.255922317655457 -2.5 1.7677669529663689 -2.5 -7.255922317655457 -12.174563090207277 -17.14744334772456 -22.138403433563646 -27.13539012884334 -32.13438569393657 -37.134050882301 -40.81632997672395 -39.46859890654432 -38.129784806640956 -37.134050882301 -38.129784806640956 -39.46859890654432 -41.226122037261035 -43.3959019826797 -41.9248103190095 -37.134050882301 -32.13438569393657 -27.13539012884334 -22.138403433563646 -17.14744334772456 -12.174563090207277 -7.255922317655457 -2.5
-13.381240274393162 -12.174563090207277 -12.174563090207277 -13.381240274393162 -15.758534678090246 -19.00553135677208 -19.056038209587896 -14.9849054494417 -12.100940758586612 -11.828223511086236 -8.919962281543905 -7.201208379969787 -5.5748039042513575 -2.5 -5.5748039042513575 -8.956761142956967 -9.369566948565303 -7.255922317655457 -10.000364106899847 -13.272200640603128 -17.037462109001467 -21.16676647720729 -23.472516296607985 -18.895792960969143 -14.329753344762635 -10.000364106899847 -6.035533905932738 -2.5 -6.035533905932738 -10.000364106899847 -14.329753344762635 -18.895792960969143 -23.6046025483712 -28.39928577991893 -33.247235869913354 -38.129784806640956 -42.9930155685925 -44.36913881404473 -43.035944870459524 -42.13393927842256 -43.035944870459524 -44.25044239299336 -45.85035205243063 -47.04477863047609 -42.94372047288771 -38.129784806640956 -33.247235869913354 -28.39928577991893 -23.6046025483712 -18.895792960969143 -14.329753344762635 -10.000364106899847 -6.035533905932738
-9.023863277924404 -7.255922317655457 -7.255922317655457 -9.023863277924404 -12.118437369403505 -15.99896561902022 -20.310691904124816 -18.89234610090843 -17.009630085807494 -15.734107890227504 -13.445351426230165 -12.10161117329305 0.0 0.0 0.0 -13.417413555858841 -13.825698054014072 -12.174563090207277 -14.329753344762635 -17.037462109001467 -20.297054301036237 -23.99516849859447 -25.48488901427175 -21.16676647720729 -17.037462109001467 -13.272200640603128 -10.000364106899847 -7.255922317655457 -10.000364106899847 -13.272200640603128 -17.037462109001467 -21.16676647720729 -25.544212373138496 -30.08682447924077 -34.73994159613762 -39.46859890654432 -44.32291079386121 -48.32865455065913 -47.95896928526847 -47.13390207712975 -47.95896928526847 -49.070940635287776 -50.724679462841955 -49.063618570494974 -44.2384046300867 -39.46859890654432 -34.73994159613762 -30.08682447924077 -25.544212373138496 -21.16676647720729 -17.037462109001467 -13.272200640603128 -10.000364106899847
-5.273500981126146 -2.5 -2.5 -5.273500981126146 -9.253698406282815 -13.74506374956062 -18.458827739652342 -22.46803717932814 -21.780181833671822 -20.034388760232833 -18.200571200228026 -17.0684121044008 0.0 0.0 0.0 0.0 -18.51693690130341 -17.14744334772456 -18.895792960969143 -21.16676647720729 -23.99516849859447 -27.294991776345352 -28.002696142063957 -23.99516849859447 -20.297054301036237 -17.037462109001467 -14.329753344762635 -12.174563090207277 -14.329753344762635 -17.037462109001467 -20.297054301036237 -23.99516849859447 -28.016641409426093 -32.26997419288721 -36.68864036695772 -41.226122037261035 -45.880268747328955 -50.620206254614914 -52.86611426783498 -52.13388967669875 -52.894514937077886 -53.92039620723361 -54.63027286482672 -50.613178186277274 -45.85441358774765 -41.226122037261035 -36.68864036695772 -32.26997419288721 -28.016641409426093 -23.99516849859447 -20.297054301036237 -17.037462109001467 -14.329753344762635
-2.5 1.7677669529663689 1.7677669529663689 -2.5 -7.255922317655457 -12.174563090207277 -17.14744334772456 -22.138403433563646 -25.93332998830927 -24.579411712911174 -23.052313755160483 -22.057345748103373 0.0 0.0 0.0 0.0 -23.319656964649795 -22.138403433563646 -23.6046025483712 -25.544212373138496 -28.016641409426093 -30.96431547496219 -30.964849692224714 -27.294991776345352 -23.99516849859447 -21.16676647720729 -18.895792960969143 -17.14744334772456 -18.895792960969143 -21.16676647720729 -23.99516849859447 -27.294991776345352 -30.96431547496219 -34.91450070446895 -39.07583239130858 -43.3959019826797 -47.84126888793423 -52.473374871915546 -56.60416448392383 -56.980007564004694 -57.79986223970384 -58.86089712790117 -57.0592538272477 -52.40150184204534 -47.83922222571462 -43.3959019826797 -39.07583239130858 -34.91450070446895 -30.96431547496219 -27.294991776345352 -23.99516849859447 -21.16676647720729 -18.895792960969143
-5.273500981126146 -2.5 -2.5 -5.273500981126146 -9.253698406282815 -13.74506374956062 -18.458827739652342 -23.27599506555247 -28.117644095653283 -29.26776277694802 -27.949014777015407 -27.05365696267088 -32.05365696267088 0.0 0.0 0.0 -26.522859690211686 -22.138403433563646 -23.544930377550266 -25.403847687445115 -27.759871818424703 -30.54312161249377 -33.66851803755747 -30.96431547496219 -28.016641409426093 -25.544212373138496 -23.6046025483712 -22.138403433563646 -23.6046025483712 -25.544212373138496 -28.016641409426093 -30.96431547496219 -34.303896100762685 -37.955945361967395 -41.85345054573644 -45.94283739613214 -50.18127178732371 -54.57760558876302 -59.12356883188675 -61.7411813241247 -62.76488202924788 -62.91910281942635 -59.10025414190567 -54.547878115346066 -50.18344697336437 -45.94283739613214 -41.85345054573644 -37.955945361967395 -34.303896100762685 -30.96431547496219 -28.016641409426093 -25.544212373138496 -23.6046025483712
-9.023863277924404 -7.255922317655457 -7.255922317655457 -9.023863277924404 -12.118437369403505 -15.99896561902022 -20.310691904124816 -24.857055429881196 -29.615700558487198 -33.365928204431206 -32.86974624101205 -32.05242736752669 -35.58857601757761 0.0 0.0 0.0 0.0 -17.14744334772456 -18.80439090264521 -20.952273671677425 -23.60257908937005 -26.660472979598797 -30.03679354696351 -33.66851803755747 -32.26997419288721 -30.08682447924077 -28.39928577991893 -27.13539012884334 -28.39928577991893 -30.08682447924077 -32.26997419288721 -34.91450070446895 -37.955945361967395 -41.326782851755375 -44.966137078338704 -48.82257378553944 -52.85275664375859 -57.03157693996378 -61.42184361956984 -65.45334564955421 -67.64389096413073 -65.77401961309778 -61.355461964612886 -57.02677367029501 -52.854217513027606 -48.82257378553944 -44.966137078338704 -41.326782851755375 -37.955945361967395 -34.91450070446895 -32.26997419288721 -30.08682447924077 -28.39928577991893
-13.381240274393162 -12.174563090207277 -12.174563090207277 -13.381240274393162 -15.758534678090246 -19.00553135677208 -22.827211893893438 -27.010640843597717 -30.9517789475488 -33.19780952420777 -34.81832645046127 -36.74841217706629 -39.095979526859544 0.0 0.0 0.0 0.0 -12.174563090207277 -14.178955459895327 -16.686513257512615 -19.66678333625033 -23.017229299784727 -26.660472979598797 -30.54312161249377 -34.623125766834065 -34.73994159613762 -33.247235869913354 -32.13438569393657 -33.247235869913354 -34.73994159613762 -36.68864036695772 -39.07583239130858 -41.85345054573644 -44.966137078338704 -48.360721859828004 -51.98991904839098 -55.812750363709355 -59.794278678991056 -63.950606676631295 -68.27099273053815 -71.83313200634525 -68.25650451431062 -63.92065629502995 -59.79616266403049 -55.81329068966898 -51.98991904839098 -48.360721859828004 -44.966137078338704 -41.85345054573644 -39.07583239130858 -36.68864036695772 -34.73994159613762 -33.247235869913354
-18.04415419045711 -17.14744334772456 -17.14744334772456 -18.04415419045711 -19.912592744402883 -22.6137716627653 -25.9459070916539 -28.276357887067235 -27.13539012884334 -28.39928577991893 -30.08682447924077 -32.26997419288721 -34.91450070446895 0.0 0.0 0.0 0.0 -7.255922317655457 -9.737589470671175 -12.669180529053856 -16.003400152469915 -19.66678333625033 -23.60257908937005 -27.759871818424703 -32.09159791405793 -36.55725114547217 -38.193288153162335 -37.134050882301 -38.129784806640956 -39.46859890654432 -41.226122037261035 -43.3959019826797 -45.94283739613214 -48.82257378553944 -51.98991904839098 -55.40272340662998 -59.02332982742731 -62.81720467562809 -66.76768445853521 -70.93619282823535 -75.04893936166157 -70.88233920840696 -66.76157568090107 -62.819128804522435 -59.02344013777199 -55.40272340662998 -51.98991904839098 -48.82257378553944 -45.94283739613214 -43.3959019826797 -41.226122037261035 -39.46859890654432 -38.129784806640956
-22.854060982856595 -22.138403433563646 -22.138403433563646 -22.854060982856595 -24.374337987262592 -26.64494004062874 -25.544212373138496 -23.6046025483712 -22.138403433563646 -23.6046025483712 -25.544212373138496 -28.016641409426093 -30.96431547496219 -34.34251969051287 0.0 0.0 0.0 -2.5 -5.5748039042513575 -8.956761142956967 -12.669180529053856 -16.686513257512615 -20.952273671677425 -25.403847687445115 -29.98832292572451 -34.666530398689524 -39.411263822485594 -41.983367319971634 -43.08189900541677 -44.274165798914666 -45.85486017617658 -47.83553335516594 -50.18157567687992 -52.85370165244835 -55.813262391301 -59.02350355055588 -62.45057606324548 -66.06305868616514 -69.83372177971965 -73.78587792546797 -77.89075928660645 -73.75838937411613 -69.83521562790119 -66.06395701314582 -62.450544419567805 -59.02350565278318 -55.81336157758386 -52.85408504836251 -50.18243577274468 -47.836152381153205 -45.85035205243063 -44.25044239299336 -43.035944870459524
-27.73611856779983 -27.13539012884334 -27.13539012884334 -27.73611856779983 -27.316758792420522 -23.99516849859447 -21.16676647720729 -18.895792960969143 -17.14744334772456 -18.895792960969143 -21.16676647720729 -23.99516849859447 -27.294991776345352 -31.039884523985283 0.0 0.0 0.0 1.7677669529663689 -1.7677669529663689 -5.5748039042513575 -9.737589470671175 -14.178955459895327 -18.80439090264521 -23.544930377550266 -28.357363086631963 -33.215924719924196 -38.10528725258838 -43.017076849712666 -47.050169637061 -49.127720710321526 -50.63100223912404 -52.39871739781413 -54.542914306208914 -57.024163408289546 -59.79537784223431 -62.819096508577694 -66.06411376075945 -69.50242067258921 -73.10687304957266 -76.8693793814154 -80.80474906124195 -76.86231585885692 -73.10893952789883 -69.50265849046389 -66.06425000237633 -62.81988393237064 -59.79740560017808 -57.02700943124885 -54.54028711332462 -52.36844557325667 -50.539201744887464 -49.070940635287776 -47.95896928526847
-32.577699266313786 -32.10135917164648 -31.44366669149874 -28.066390341771182 -24.02958430184054 -20.297054301036237 -17.037462109001467 -14.329753344762635 -12.174563090207277 -14.329753344762635 -17.037462109001467 -20.297054301036237 -23.99516849859447 -28.085245438921056 -29.188051838332406 0.0 0.0 0.0 1.7677669529663689 -2.5 -7.255922317655457 -12.174563090207277 -17.14744334772456 -22.138403433563646 -27.13539012884334 -32.13438569393657 -37.134050882301 -42.13393927842256 -46.660281987414024 -51.43113506489854 -54.94520824061713 -57.10361883838675 -59.08282165625163 -61.33996290666872 -63.914173376453206 -66.76005721040615 -69.83538593674436 -73.10933149885571 -76.55630729020976 -80.15632474687791 -83.91386496674187 -80.15697250231868 -76.55767462826917 -73.11035995442006 -69.83806987284058 -66.76438830969782 -63.91441321923402 -61.31465293416287 -58.992019336331154 -56.9722286398929 -55.277232455654676 -53.92039620723361 -52.894514937077886
