data/marine_mishaps/marine_mishaps1.asc
ncols         645
nrows         454
xllcorner     0
yllcorner     0
cellsize      1
NODATA_value  -99.
[rows 345 to 367 of 454, columns 583 to 635 of 645]
-157.832160081228 -161.3273348855289 -164.89824333747987 -168.54019602607053 -172.24879126945524 -176.0199051952479 -179.8496800810453 -183.734511569912 -187.67103524603363 -191.65611294686488 -195.6868190983326 -199.76042728707355 -203.87439722552773 -208.02636221955737 -212.21411721197367 -216.43560744716157 -220.68891777998192 -224.9722626355974 -229.283976614188 -233.62250572530178 -237.98639922994667 -242.3743020638672 -246.7849478126625 -251.2171522075193 -255.66980710978686 -260.1418749525629 -264.63238360812295 -269.1404216508781 -273.6651339869705 -278.2057178229285 -282.76141894741545 -287.3315283016785 -291.9153788159361 -296.51234249054824 -301.12182770224996 -305.7432767174101 -310.3761633953355 -315.01999106643984 -319.6742905708476 -324.33861844454213 -329.0125552409338 -333.6957039770684 -338.38768869421347 -343.08815312376333 -347.7967594498676 -352.5131871612076 -357.23713198474223 -361.9683048950196 -366.70643119302696 -371.45124964922553 -376.2025117057724 -380.9599807333924 -385.7234313386408
-154.25979226087895 -157.832160081228 -161.4785309980394 -165.19412446368975 -168.97447475411965 -172.81541707147167 -176.71307230699753 -180.6638310748912 -184.66433748450817 -188.71147300177705 -192.80234065719426 -196.9342497838717 -201.10470141125512 -205.31137439514765 -209.55211233013202 -213.82491126421044 -218.12790821571045 -222.459370478003 -226.81768568713755 -231.20135262021847 -235.60897268773033 -240.0392420801475 -244.49094452796123 -248.96294463400284 -253.45418173766205 -257.96366427181545 -262.4904645749639 -267.03371412293006 -271.5925991466763 -276.1663566048384 -280.75427048183195 -285.355668384377 -289.969918411552 -294.59642627526785 -299.2346326500202 -303.884010732504 -308.544063993289 -313.2143241042832 -317.8943490271587 -322.58372124908016 -327.2820461534321 -331.9889505141849 -336.70408110361143 -341.42710340392864 -346.1577004143183 -350.89557154546117 -355.64043159449176 -360.39200979386686 -365.1500489281668 -369.9143045134681 -374.684544034213 -379.4605462331785 -384.24210045034624
-150.76653468301436 -154.41770348019074 -158.14087966098884 -161.93121170178 -165.7841900576317 -169.6956288665162 -173.661646825707 -177.67864782508502 -181.7433017690255 -185.85252589743945 -190.00346682204722 -194.19348342079707 -198.42013067755676 -202.6811445117305 -206.97442761095104 -211.2980362566267 -215.65016811546587 -220.02915095855235 -224.43343226181184 -228.86156963717198 -233.31222204139678 -237.78414170899913 -242.27616675626746 -246.7872144051418 -251.3162747777414 -255.86240521503328 -260.424725075948 -265.0024109761359 -269.5946924286264 -274.20084785138494 -278.82020090969087 -283.45211716380174 -288.09600099500085 -292.75129278538583 -297.41746632884997 -302.0940264529766 -306.7805068330423 -311.47646798138123 -316.181495396677 -320.89519785916866 -325.6172058592642 -330.3471701478295 -335.08476039794414 -339.82966396837304 -344.5815847603532 -349.34024215972465 -354.1053700573605 -358.8767159413901 -363.6540400552721 -368.4371146163842 -373.22572309025884 -378.01965951599857 -382.8187278787716
-147.35782976128027 -151.0892487637599 -154.89040072447662 -158.7563873579006 -162.6826790070582 -166.66509156356764 -170.69976319034595 -174.78313138101436 -178.91191073177353 -183.08307167973464 -187.29382036892744 -191.54157973536064 -195.82397185055356 -200.13880152491154 -204.48404114504132 -208.8578167000926 -213.25839493969013 -217.68417159818227 -222.13366061594309 -226.60548428701253 -231.09836426300177 -235.61111334517557 -240.1426279995634 -244.69188153355432 -249.25791787621722 -253.83984590881147 -258.43683429585093 -263.0481067712296 -267.6729378376332 -272.3106488411055 -276.9606043861442 -281.6222090597249 -286.29490443568835 -290.97816633351124 -295.6715023080863 -300.37444934919904 -305.08657177156346 -309.80745927803446 -314.5367251803979 -319.27400476335873 -324.0189537792625 -328.77124706163585 -333.53057724722254 -338.2966535970565 -343.0692009079463 -347.84795850659833 -352.6326793193523 -357.4231290111045 -362.219085187648 -367.02033665625635 -371.82668273942767 -376.6379326378557 -381.4539048383193
-144.0394595343331 -147.85237818294337 -151.7324657721898 -155.67480576887814 -159.6748757219169 -163.7285190708257 -167.83191751080722 -171.98156436992934 -176.1742392959249 -180.40698443169595 -184.6770821710359 -188.9820345222614 -193.31954406178724 -197.6874964279491 -202.08394428422008 -206.50709266770838 -210.95528563160417 -215.42699408735675 -219.92080475255602 -224.4354101130616 -228.96959931185378 -233.52224988204026 -238.09232024682836 -242.6788429150755 -247.2809183066076 -251.89770914721262 -256.5284353784087 -261.17236953222937 -265.8288325258575 -270.49718983536104 -275.1768480117762 -279.86725150628854 -284.5678797747598 -289.27824463467834 -293.99788785041056 -298.72637892503684 -303.4633130792465 -308.2083093996682 -312.9610091409861 -317.7210741674683 -322.48818552126266 -327.26204210579766 -332.04235947399945 -336.8288687119451 -341.62131540950725 -346.419458710348 -351.2230704343213 -356.0319342660975 -360.84584500441287 -365.66460786675043 -370.4880378447544 -375.31595910635644 -380.14820444062536
-140.81754427255498 -144.71296619934267 -148.67269631567476 -152.6918327921055 -156.76589131205537 -160.8907715304265 -165.06272496781003 -169.27832468640506 -173.53443694175652 -177.828194894352 -182.15697438665836 -186.51837173674392 -190.91018346321064 -195.33038783319518 -199.7771281121428 -204.24869738826652 -208.74352484399515 -213.26016334973883 -217.79727826062447 -222.35363730382957 -226.92810145187616 -231.51961668535552 -236.12720655663324 -240.74996547405718 -245.3870526337247 -250.03768653290075 -254.70114000575074 -259.37673572811224 -264.0638421434699 -268.761869767354 -273.47026783179143 -278.1885212355647 -282.9161477696454 -287.6526955903858 -292.3977409159693 -297.15088592424365 -301.9117568323237 -306.68000214040524 -311.4552910241627 -316.23731186154725 -321.0257708814522 -325.82039092284083 -330.62091029423954 -335.4270817244097 -340.2386713959592 -345.05545805452005 -349.8772321867108 -354.7037952610377 -359.53495902607506 -364.3705448611766 -369.21038317515706 -374.0543128489455 -378.9021807185826
-137.6985336781563 -141.677165930162 -145.71694673838948 -149.81302633329372 -153.96099290154785 -158.15683358462957 -162.39689791373547 -166.67786388292495 -170.99670672357743 -175.35067034719657 -179.73724135923618 -184.15412550578847 -188.5992263911728 -193.07062629307114 -197.56656889926387 -202.08544379330678 -206.6257725239319 -211.18619610275334 -215.76546378602316 -220.3624230080045 -224.97601034527125 -229.6052434026564 -234.24921352248577 -238.90707922871053 -243.57806032705236 -248.26143259055556 -252.95652296783476 -257.6627052580635 -262.37939620307577 -267.10605195238986 -271.8421648619732 -276.5872605919107 -281.3408954719865 -286.10265410771945 -290.87214720230986 -295.64900957283646 -300.4328983411297 -305.22349128225267 -310.02048531505426 -314.82359512099254 -319.6325518789954 -324.44710210538295 -329.26700658889393 -334.09203941210393 -338.92198705116294 -343.7566475468624 -348.5958297405658 -353.43935256923095 -358.28704441429744 -363.13874249985724 -367.99429233578707 -372.8535472019809 -377.71636767032567
-134.6891888602766 -138.75138695006407 -142.87127934207342 -147.0441098110884 -151.26557645287852 -155.5317872892404 -159.8392194194054 -164.18468173709215 -168.56528111553277 -172.97839188801703 -177.4216284073069 -181.89282044488206 -186.3899911838256 -190.9113375623231 -195.45521273491983 -200.0201104327019 -204.60465102018082 -209.20756906400055 -213.82770224594154 -218.46398146965382 -223.1154220262998 -227.78111569912468 -232.46022370028948 -237.15197034556527 -241.85563738336057 -246.57055890436163 -251.29611676666468 -256.03173647899973 -260.77688349138447 -265.53105984856103 -270.2938011667511 -275.0646738989629 -279.8432728580029 -284.6292189700727 -289.42215723483696 -294.2217548706359 -299.02769962586757 -303.83969823986655 -308.6574750382443 -313.48077064942015 -318.3093408305047 -323.1429553919978 -327.9813972118864 -332.8244613306512 -337.6719541196461 -342.5236925161292 -347.3795033188346 -352.2392225385837 -357.1026947991206 -361.9697727836955 -366.8403167234154 -371.71419392376237 -376.5912783260162
-131.79655321513687 -135.94226306846994 -140.14193054193018 -144.3909379621883 -148.6851330799743 -153.0207795799915 -157.3945123301905 -161.80329716650945 -166.24439492485934 -170.71532938748706 -175.2138587939103 -179.7379505681048 -184.2857589272109 -188.8556050577434 -193.44595957013271 -198.05542696853792 -202.6827318993318 -207.3267069669239 -211.98628192923633 -216.66047410714853 -221.3483798618249 -226.04916701167625 -230.76206807650377 -235.48637425025305 -240.22143001617508 -244.96662832893108 -249.72140629755376 -254.48524131152516 -259.25764755922927 -264.0381728945119 -268.82639601231057 -273.6219238991522 -278.42438952851825 -283.23344977453576 -288.04878352070955 -292.8700899430561 -297.69708694950043 -302.5295097594239 -307.36710960908107 -312.2096525701982 -317.0569184705915 -321.90869990673156 -326.76480133941254 -331.6250382644154 -336.4892364512952 -341.35723124368894 -346.2288669156718 -351.1039960788885 -355.98247913596447 -360.8641837760357 -365.748984508744 -370.63676223323284 -375.52740383926573
-129.0279104717865 -133.2566089400868 -137.53526755544397 -141.85945470948153 -146.22520885060376 -150.62898448501053 -155.06760414764162 -159.53821587684178 -164.03825568775062 -168.56541453528592 -173.11760927525012 -177.69295716301585 -182.28975346713491 -186.90645181588337 -191.54164693541196 -196.19405947723163 -200.86252266899166 -205.54597055559455 -210.24342762741188 -214.95399965869169 -219.67686560254432 -224.41127040909402 -229.15651865118494 -233.91196885735485 -238.67702846500038 -243.45114931829087 -248.23382364515516 -253.0245804563887 -257.82298231713605 -262.6286224475167 -267.4411221145963 -272.260128282712 -277.08531149324574 -281.9163639484554 -286.75299777718067 -291.5949434628302 -296.44194841640916 -301.2937756794412 -306.15020274320096 -311.0110204725569 -315.8760321237737 -320.7450524469515 -325.61790686480407 -330.494430720278 -335.3744685865618 -340.25787363349696 -345.14450704506146 -350.034237483422 -354.92694059503197 -359.8224985552227 -364.72079964772854 -369.62173787611937 -374.5252126043597
-126.3907285552092 -130.70136482923306 -135.05773540684777 -139.4556432685402 -143.8913584838525 -148.36156062302422 -152.8632883385708 -157.39389535662522 -161.95101213946486 -166.5325125270448 -171.13648472477306 -175.761206069367 -180.405121069268 -185.06682227777233 -189.74503361378862 -194.43859579665627 -199.14645360692376 -203.86764472509356 -208.60128993518617 -213.34658450999598 -218.10279062099997 -222.86923063792162 -227.64528120213458 -232.4303679742256 -237.22396097001365 -242.02557041111518 -246.8347430262583 -251.6510587482871 -256.4741277590432 -261.30358784081363 -266.1391019983239 -270.9803563199921 -275.82705805114506 -280.6789338553783 -285.53572824312164 -290.3972021491742 -295.26313164313933 -300.13330675862505 -305.0075304286232 -309.8856175162913 -314.7673939311936 -319.65269582251784 -324.5413688415237 -329.4332674665137 -334.3282543841918 -339.2261999220592 -344.1269815270263 -349.0304832859618 -353.9365954842111 -358.84521419878155 -363.7562409229465 -368.6695822195684 -373.5851494006068
-123.89258863989426 -128.28352956599625 -132.71579472845238 -137.18546923952397 -141.68909382208318 -146.22360490443555 -150.786282963513 -155.37470804740022 -159.9867215037272 -164.62039304605807 -169.273992396126 -173.94596484014727 -178.63491012908474 -183.33956423470508 -188.05878354501786 -192.79153114496168 -197.53686488157402 -202.29392695848924 -207.06193484324797 -211.84017330363133 -216.62798741697327 -221.4247764195626 -226.22998828311765 -231.043114921779 -235.86368794711285 -240.69127490051062 -245.5254759022971 -250.36592066547786 -255.21226582910444 -260.06419257253685 -264.9214044769453 -269.78362560496026 -274.6505987731764 -279.5220839954494 -284.3978570777168 -289.2777083475649 -294.1614415038152 -299.0488725731415 -303.93982896237094 -308.83414859642636 -313.7316791331202 -318.6322772468628 -323.5358079744723 -328.44214411681196 -333.3511656909565 -338.2627594277565 -343.17681831082257 -348.093241152653 -353.0119322047503 -357.93280079846045 -362.8557610138111 -367.78073137387054 -372.7076345622075
-121.54109984861329 -126.01008269167895 -130.51585164297256 -135.05481807178782 -139.62382844548176 -144.22010370950008 -148.8411877655979 -153.48490368170158 -158.1493164459248 -162.832701245888 -167.53351640723199 -172.25038025963883 -176.9820513150998 -181.72741124237436 -186.48545020547664 -191.25525420452902 -196.0359941161282 -200.826916179567 -205.62733371602647 -210.43661990187817 -215.2542014454986 -220.07955304047212 -224.91219248775928 -229.75167639567582 -234.59759638026 -239.4495757001095 -244.30726626926602 -249.17034599999099 -254.03851643398497 -258.9115006264442 -263.78904125221436 -268.670898907498 -273.55685058405544 -278.44668829595963 -283.3402178414483 -288.23725768470814 -293.1376379443189 -298.0411994767285 -302.94779304452277 -307.8572785605199 -312.7695243998139 -317.68440677274043 -322.60180915256933 -327.52162175245894 -332.44374104684766 -337.3680693329177 -342.2945143283081 -347.22298880152766 -352.15341023225534 -357.0857004985209 -362.01978558842586 -366.95559533416434 -371.89306316645224
-119.34380143693153 -123.88789790113982 -128.464181853126 -133.0694288938837 -137.70082020698402 -142.35588307425624 -147.03244100209648 -151.72857183997797 -156.44257253621691 -161.17292940456113 -165.91829296969874 -170.67745662271804 -175.44933845289972 -180.23296573384314 -185.0274616335777 -189.83203379338988 -194.6459644815245 -199.46860207818895 -204.29935368942762 -209.13767872123248 -213.98308327288044 -218.83511523136252 -223.69335996763468 -228.55743655088403 -233.42699441006891 -238.30171038259158 -243.18128609908916 -248.06544566071835 -252.9539335716392 -257.84651289477176 -262.74296360325485 -267.64308110393046 -272.5466749123495 -277.4535674615094 -282.36359302888445 -287.27659676832997 -292.19243383515675 -297.1109685940237 -302.0320739007358 -306.95563045008385 -311.8815261826087 -316.8096557444498 -321.73991999453995 -326.6722255545824 -331.60648439748235 -336.54261347047657 -341.48053434956057 -346.42017292232373 -351.36145909637617 -356.30432653112837 -361.24871239069904 -366.19455711602495 -371.14180421458144
-117.3080557757931 -121.92365092394317 -126.56685173351674 -131.2348270840065 -135.92511363540856 -140.63555943517488 -145.3642772216732 -150.10960563619142 -154.8700768922937 -159.6443897278767 -164.43138669013567 -169.23003498524702 -174.03941027058178 -178.85868288459483 -183.68710610352497 -188.52400608968824 -193.36877325686064 -198.22085482716975 -203.07974839358482 -207.94499633411445 -212.81618094983196 -217.6929202202862 -222.57486408711915 -227.4616911911582 -232.35310599987454 -237.24883627206722 -242.14863081459183 -247.0522574927205 -251.95950146143662 -256.87016358960636 -261.7840590529815 -266.70101607537595 -271.62087480015737 -276.5434862765944 -281.46871154770844 -286.39642082796036 -291.3264927606499 -296.2588137462251 -301.19327733357034 -306.12978366776383 -311.06823898801116 -316.00855517079754 -320.9506493133636 -325.89444335350856 -330.8398637221409 -335.78684102521925 -340.73530975235025 -345.68520800936244 -350.6364772726704 -355.5890621633167 -360.5429102389802 -365.49797180222424 -370.45419972351806
-115.44093647758609 -120.12372546641654 -124.82963929434365 -129.55625775144657 -134.3014837712857 -139.06349199575303 -143.84068665018864 -148.63166688393028 -153.43519811757614 -158.25018824241502 -163.07566775626765 -167.91077310724347 -172.7547326638081 -177.60685484492072 -182.46651803495868 -187.33316198001796 -192.20628041911678 -197.08541474928623 -201.97014855982755 -206.86010290015054 -211.75493216916507 -216.65432053329863 -221.55797879559245 -226.46564165115834 -231.37706527455575 -236.29202519326373 -241.21031440851422 -246.1317417305708 -251.05613030050787 -255.9833162745536 -260.9131476505755 -265.8454832191109 -270.78019162380326 -275.7171505181808 -280.6562458074739 -285.5973709656248 -290.54042641890464 -295.4853189887632 -300.43196138736084 -305.3802717599958 -310.33017326951943 -315.2815937182403 -320.2344652035317 -325.1887238035394 -330.14430929013685 -335.10116486632484 -340.05923692563033 -345.0184748315251 -349.97883071481505 -354.9402592874326 -359.90271767096897 -364.8661652387559 -369.8305634701515
-113.7491154079832 -118.4941196988014 -123.2579564239939 -128.03862066631007 -132.83438130076976 -137.64373608041956 -142.46537519093846 -147.29815149964668 -152.1410561258011 -156.99319826514557 -161.85378843546002 -166.7221244889274 -171.59757987495072 -176.47959374344467 -181.36766256136482 -186.26133297976605 -191.16019573936555 -196.06388044258014 -200.97205105178531 -205.88440199883988 -210.80065481123376 -215.72055517659945 -220.64387038055168 -225.57038706367 -230.49990925215474 -235.4322566240228 -240.367262978625 -245.3047748822017 -250.24465046627125 -255.18675835920905 -260.13097673398426 -265.077192457695 -270.02530033035447 -274.97520240225884 -279.92680736056695 -284.880029977118 -289.83479061039316 -294.79101475563334 -299.74863263767395 -304.7075788418329 -309.6677919789239 -314.62921438054946 -319.59179182170584 -324.5554732677965 -329.5202106436167 -334.4859586220952 -339.4526744309237 -344.42031767517346 -349.38885017457807 -354.3582358139163 -359.32844040542756 -364.29943156197373 -369.2711785801867
-112.2387470937219 -117.04035029347475 -121.85676831362186 -126.68640177859052 -131.52787363682745 -136.3799918366114 -141.24171925928212 -146.1121493250597 -150.9904860657259 -155.87602774038422 -160.76815328139187 -165.66631101627968 -170.57000923192535 -175.47880823897088 -180.39231366524666 -185.3101707614906 -190.23205954535615 -195.15769064300093 -200.08680171401696 -205.01915436629372 -209.95453148416956 -214.89273490666892 -219.83358340337128 -224.7769109043225 -229.72256494753248 -234.67040531347547 -239.62030282077419 -244.5721382613445 -249.52580145646084 -254.48119041804674 -259.43821060175014 -264.396774240279 -269.356799747115 -274.3182111820805 -279.2809377714024 -284.244913475939 -289.2100766019339 -294.17636944960043 -299.1437379951667 -304.1121316029171 -309.0815027638088 -314.0518068579291 -319.02300193827466 -323.9950485336786 -328.9679094688818 -333.94154970006554 -338.9159361643847 -343.8910376419483 -348.866824629267 -353.8432692229683 -358.82034501283187 -363.7980269832625 -368.7762914224696
-110.91533069288117 -115.7673332446091 -120.63048888526465 -125.50358011522142 -130.38556095646112 -135.27552767439226 -140.17269531578125 -145.07637875626858 -149.9859772755413 -154.9009619152449 -159.82086504950468 -164.74527172778903 -169.67381244748552 -174.6061570873923 -179.5420097896719 -184.4811046212755 -189.423201879481 -194.3680849324084 -199.31555750614456 -204.26544134635108 -209.21757419532597 -214.1718080358919 -219.12800756186385 -224.08604884169813 -229.04581814736034 -234.00721092509556 -238.9701308883778 -243.93448921644165 -248.90020384434047 -253.86719883251598 -258.83540380571236 -263.80475345248396 -268.77518707776176 -273.7466482020501 -278.71908420171843 -283.69244598545333 -288.6666877027966 -293.6417664810642 -298.61764218751375 -303.59427721388704 -308.5716362810243 -313.5496862613281 -318.52839601726 -323.507736254087 -328.4876793855693 -333.4681994112611 -338.44927180416397 -343.4308734078045 -348.4129823418909 -353.3955779155856 -358.37864054776304 -363.36215169364044 -368.3460937771022
-109.78347190250766 -114.67916549294668 -119.58277828052111 -124.49343833346501 -129.41039775099597 -134.33301125501754 -139.26071909194675 -144.19303325983748 -149.1295263261901 -154.0698222824853 -159.0135890134952 -163.96053205685462 -168.91038940121263 -173.86292712599086 -178.81793572763453 -183.7752270090395 -188.7346314337391 -193.69599586554614 -198.65918162959042 -203.62406284254138 -208.5905249693015 -213.5584635710994 -218.52778321593163 -223.49839652730162 -228.4702233511409 -233.44319002412956 -238.41722872929947 -243.3922769269392 -248.36827685079845 -253.34517506094096 -258.3229220459805 -263.30147186844016 -268.2807818478767 -273.2608122771014 -278.24152616766537 -283.2228890209644 -288.204868622171 -293.18743485428746 -298.1705595300347 -303.15421623973424 -308.13838021332566 -313.1230281950159 -318.10813832929927 -323.09369005713654 -328.0796640211686 -333.0660419791719 -338.0528067249278 -343.0399420156805 -348.0274325055939 -353.0152636847114 -358.00342182278337 -362.99189391762104 -367.980667647415
-108.84628384093935 -113.77855609079597 -118.71600048934404 -123.65804387859063 -128.60419518217589 -133.5540311392331 -138.50718493159172 -143.4633370377 -148.4222078177674 -153.38355145750876 -158.34715098729626 -163.31281415939992 -168.28037001499678 -173.2496660094583 -178.22056559250314 -183.19294616109434 -188.1666973196467 -193.1417193948638 -198.11792216266826 -203.09522375265303 -208.07354970176567 -213.05283213394617 -218.0330090466423 -223.0140236881991 -227.99582401290155 -232.97836220258333 -237.96159424553133 -242.94547956476762 -247.9299806890806 -252.9150629612576 -257.90069427855383 -262.8868448614523 -267.8734870470618 -272.8605951042565 -277.848145067817 -282.836114589401 -287.8244828033742 -292.8132302057983 -297.8023385450478 -302.7917907228613 -307.78157070462174 -312.77166343781676 -317.7620547780112 -322.75273142133153 -327.7436808429255 -332.73489124074325 -337.7263514840821 -342.718051066569 -347.7099800629043 -352.70212908930057 -357.6944892669763 -362.6870521886272 -367.6798098875763
-108.10356527692576 -113.06507990425914 -118.02954618699985 -122.99663551801135 -127.9660665638474 -132.93759701428445 -137.91101701111097 -142.88614386813163 -147.8628177942124 -152.8408984028166 -157.82026184359134 -162.80079842989693 -167.78241066469354 -172.76501158860174 -177.74852339025827 -182.73287623145805 -187.71800724927343 -192.7038597046895 -197.6903822532251 -202.6775283175796 -207.66525554598954 -212.65352534292305 -217.64230246106806 -222.6315546454448 -227.62125232203016 -232.61136832454372 -237.60187765401008 -242.59275726659388 -247.58398588591362 -252.57554383660494 -257.56741289636943 -262.5595761641175 -267.55201794225616 -272.54472363134676 -277.5376796356371 -282.53087327819355 -287.5242927245326 -292.5179269137122 -297.5117654960909 -302.50579877703325 -307.50001766587803 -312.49441362955145 -317.4889786504735 -322.48370518817006 -327.4785861442908 -332.47361483064594 -337.46878493997826 -342.46409051921614 -347.4595259449945 -352.45508590105175 -357.45076535755527 -362.4465595520961 -367.44246397209895
-107.54584247698506 -112.52945729040859 -117.51433214183282 -122.50032634726497 -127.48731951780668 -132.4752080091891 -137.46390209520607 -142.45332369762852 -147.44340454824635 -152.43408468961184 -157.4253112435669 -162.4170373931565 -167.4092215358614 -172.40182657533256 -177.39481932583527 -182.38817000893505 -187.38185182616004 -192.37584059454855 -197.37011443451843 -202.36465350147984 -207.35943975419423 -212.3544567541239 -217.34968949104024 -222.3451242309451 -227.34074838306483 -232.3365503831322 -237.33251959074443 -242.32864619876887 -247.32492115325743 -252.32133608240346 -257.3178832334171 -262.31455541628804 -267.31134595357656 -272.3082486354854 -277.30525767958807 -282.3023676946512 -287.2995736480812 -292.2968708365421 -297.2942548594634 -302.29172159501553 -307.2892671783945 -312.28688798207725 -317.2845805978431 -322.28234182045577 -327.2801686327795 -332.27805819214103 -337.2760078179208 -342.27401498011886 -347.27207728896025 -352.27019248528455 -357.2683584317397 -362.26657310466567 -367.264834586658
