data/marine_mishaps/marine_mishaps1.asc
ncols         645
nrows         454
xllcorner     0
yllcorner     0
cellsize      1
NODATA_value  -99.
[rows 414 to 436 of 454, columns 424 to 476 of 645]
-121.85676831362186 -126.68640177859052 -131.52787363682745 -136.3799918366114 -141.24171925928212 -146.1121493250597 -150.9904860657259 -155.87602774038422 -160.76815328139187 -165.66631101627968 -170.57000923192535 -175.47880823897088 -180.39231366524666 -185.25139392701217 -188.00646280530316 -188.75994964901997 -189.43335454719386 -190.23257055730457 -191.15971774538522 -192.20614216983623 -193.36877300528317 -194.64597494899903 -196.0359971460073 -197.53686489101625 -199.14645332271434 -200.86252256745502 -202.6827318914546 -204.60465102841823 -206.62577252829595 -208.7435248448911 -210.95528563145717 -213.2583949394994 -215.65016811539084 -218.1279082156971 -220.68891777998743 -223.33050982455723 -226.0500179509613 -228.8448054955166 -231.71227367739547 -234.6498687317987 -237.65508803984022 -240.72548528773623 -243.8586747042697 -247.05233443766642 -250.30420914089433 -253.61211183911558 -256.97392515439003 -260.3876019619807 -263.85116554996193 -267.36270934991455 -270.9203963015685 -274.5224579091509 -278.1671930414844
-123.2579564239939 -128.03862066631007 -132.83438130076976 -137.64373608041956 -142.46537519093846 -147.29815149964668 -152.1410561258011 -156.99319826514557 -161.85378843546002 -166.7221244889274 -171.59757987495072 -176.47959374344467 -180.88855230793217 -182.7354059322333 -183.209849504756 -183.77746269073342 -184.4806320294362 -185.30994646385756 -186.2613121222475 -187.33317250841054 -188.52401062858974 -189.83203430315726 -191.25525397283056 -192.7915310172828 -194.43859577236827 -196.1940594809013 -198.05542697262342 -200.02011043402211 -202.08544379341689 -204.24869738815377 -206.50709266763948 -208.85781670007248 -211.29803625662404 -213.82491126421178 -216.43560744716183 -219.12730801397362 -221.89722428442397 -224.74260519110197 -227.66074562597012 -230.64899363476718 -233.7047564893376 -236.82550568959783 -240.00878096307076 -243.2521933409134 -246.55342739573797 -249.91024272929377 -253.32047479738173 -256.7820351567308 -260.29291121379634 -263.85116554996506 -267.4549348910204 -271.1024287824785 -274.791928025419
-124.82963929434365 -129.55625775144657 -134.3014837712857 -139.06349199575303 -143.84068665018864 -148.63166688393028 -153.43519811757614 -158.25018824241502 -163.07566775626765 -167.91077310724347 -172.7547326638081 -176.42476756893785 -177.38929870965208 -177.7588654662734 -178.22204678293147 -178.81776245492108 -179.54191005300578 -180.39230187737942 -181.36766562969743 -182.46651958018447 -183.68710632096446 -185.02746158272956 -186.4854501716026 -188.0587835377766 -189.74503361423487 -191.54164693626922 -193.44595957042955 -195.45521273495243 -197.56656889924417 -199.7771281121303 -202.083944284215 -204.48404114504 -206.974427610953 -209.55211233013156 -212.21411721197498 -214.9574897945233 -217.77931435154449 -220.6767216866535 -223.64689760356492 -226.6870900769252 -229.7946151768423 -232.96686182191766 -236.20129545069975 -239.4954607106519 -242.84698326778525 -246.25357084033058 -249.71301355670954 -253.22318373279205 -256.7820351567248 -260.3876019619822 -264.037997161134 -267.73141090516157 -271.4661085250697
-126.56685173351674 -131.2348270840065 -135.92511363540856 -140.63555943517488 -145.3642772216732 -150.10960563619142 -154.8700768922937 -159.6443897278767 -164.43138669013567 -169.35931906447667 -172.1883447126351 -172.13388347648177 -172.40182657533256 -172.76501158860174 -173.2496660094583 -173.86292712599086 -174.6061570873923 -175.47880823897088 -176.47959374344467 -177.60685484492072 -178.85868288459483 -180.23296573384314 -181.72741124237436 -183.33956423470508 -185.06682227777233 -186.90645181588337 -188.8556050577434 -190.9113375623231 -193.07062629307114 -195.33038783319518 -197.6874964279491 -200.13880152491154 -202.6811445117305 -205.31137439514765 -208.02636221955737 -210.82301408183892 -213.6982826570484 -216.6491772027532 -219.67277205628207 -222.76621367705943 -225.92672631531855 -229.15161640927667 -232.43827582579286 -235.78418406586326 -239.1869095574077 -242.64411015472106 -246.15353295777876 -249.7130135567107 -253.3204747973818 -256.9739251543947 -260.67145678808413 -264.4112433527018 -268.19153761414606
-128.464181853126 -133.0694288938837 -137.70082020698402 -142.35588307425624 -147.03244100209648 -151.72857183997797 -156.44257253621691 -161.17292940456113 -165.92399983826323 -167.78292781077155 -167.4092215358614 -167.1338834764818 -167.4092215358614 -167.78241066469354 -168.28037001499678 -168.91038940121263 -169.67381244748552 -170.57000923192535 -171.59757987495072 -172.7547326638081 -174.03941027058178 -175.44933845289972 -176.9820513150998 -178.63491012908474 -180.405121069268 -182.28975346713491 -184.2857589272109 -186.3899911838256 -188.5992263911728 -190.91018346321064 -193.31954406178724 -195.82397185055356 -198.42013067755676 -201.10470141125512 -203.87439722552773 -206.72597720150534 -209.65625818250408 -212.66212487899213 -215.74053827093684 -218.8885423942578 -222.1032696265259 -225.3819446053493 -228.72188692258933 -232.12051273995752 -235.57533546867694 -239.08396564887187 -242.64411015472106 -246.2535708403288 -249.9102427292962 -253.61211183912414 -257.35725272020215 -261.1438257782073 -264.97007443900054
-130.51585164297256 -135.05481807178782 -139.62382844548176 -144.22010370950008 -148.8411877655979 -153.48490368170158 -158.1493164459248 -162.4907168403311 -163.26676553161886 -162.80079842989693 -162.4170373931565 -162.1338834764819 -162.4170373931565 -162.80079842989693 -163.31281415939992 -163.96053205685462 -164.74527172778903 -165.66631101627968 -166.7221244889274 -167.91077310724347 -169.23003498524702 -170.67745662271804 -172.25038025963883 -173.94596484014727 -175.761206069367 -177.69295716301585 -179.7379505681048 -181.89282044488206 -184.15412550578847 -186.51837173674392 -188.9820345222614 -191.54157973536064 -194.19348342079707 -196.9342497838717 -199.76042728707355 -202.66862274436278 -205.65551338222605 -208.7178569039417 -211.85249964671698 -215.056382960394 -218.32654796247903 -221.6601388383671 -225.05440486067306 -228.50670129879347 -232.0144893821221 -235.57533546867694 -239.1869095574077 -242.8469832677824 -246.55342739574039 -250.3042091408996 -254.09738908676277 -257.9311180035967 -261.803633532828
-132.71579472845238 -137.18546923952397 -141.68909382208318 -146.22360490443555 -150.786282963513 -155.37470804740022 -159.07168741840448 -159.0135890134952 -158.34715098729626 -157.82026184359134 -157.4253112435669 -157.13388347648223 -157.4253112435669 -157.82026184359134 -158.34715098729626 -159.0135890134952 -159.82086504950468 -160.76815328139187 -161.85378843546002 -163.07566775626765 -164.43138669013567 -165.91829296969874 -167.53351640723199 -169.273992396126 -171.13648472477306 -173.11760927525012 -175.2138587939103 -177.4216284073069 -179.73724135923618 -182.15697438665836 -184.6770821710359 -187.29382036892744 -190.00346682204722 -192.80234065719426 -195.6868190983326 -198.65335191676283 -201.69847353519484 -204.81881287380176 -208.01110108037966 -211.27217732325587 -214.59899284680512 -217.98861349770007 -221.4382209284845 -224.94511267603443 -228.50670129879347 -232.12051273995752 -235.78418406586326 -239.4954607106513 -243.25219334091287 -247.05233443767068 -250.89393467828657 -254.77513918762253 -258.6941837161297
-135.05773540684777 -139.4556432685402 -143.8913584838525 -148.36156062302422 -152.8632883385708 -155.6793683220957 -154.9009619152449 -154.0698222824853 -153.38355145750876 -152.8408984028166 -152.43408468961184 -152.13388347648322 -152.43408468961184 -152.8408984028166 -153.38355145750876 -154.0698222824853 -154.9009619152449 -155.87602774038422 -156.99319826514557 -158.25018824241502 -159.6443897278767 -161.17292940456113 -162.832701245888 -164.62039304605807 -166.5325125270448 -168.56541453528592 -170.71532938748706 -172.97839188801703 -175.35067034719657 -177.828194894352 -180.40698443169595 -183.08307167973464 -185.85252589743945 -188.71147300177705 -191.65611294686488 -194.6827343429594 -197.7877263940732 -200.96758830781909 -204.21893638291763 -207.53850901080176 -210.92316984151478 -214.36990936415026 -217.87584514231528 -221.4382209284845 -225.05440486067306 -228.72188692258933 -232.43827582579286 -236.20129545070287 -240.00878096307724 -243.85867470427928 -247.74902193732825 -251.67796651649365 -255.6437465358096
-137.53526755544397 -141.85945470948153 -146.22520885060376 -150.62898448501053 -152.23936485711766 -150.9904860657259 -149.9859772755413 -149.1295263261901 -148.4222078177674 -147.8628177942124 -147.44340454824635 -147.1338834764841 -147.44340454824635 -147.8628177942124 -148.4222078177674 -149.1295263261901 -149.9859772755413 -150.9904860657259 -152.1410561258011 -153.43519811757614 -154.8700768922937 -156.44257253621691 -158.1493164459248 -159.9867215037272 -161.95101213946486 -164.03825568775062 -166.24439492485934 -168.56528111553277 -170.99670672357743 -173.53443694175652 -176.1742392959249 -178.91191073177353 -181.7433017690255 -184.66433748450817 -187.67103524603363 -190.75951925354858 -193.92603204832625 -197.16694322437712 -200.47875562185413 -203.85810930405583 -207.30178362280378 -210.80669766634347 -214.36990936415026 -217.98861349770007 -221.6601388383671 -225.3819446053493 -229.15161640927667 -232.9668618219226 -236.8255056896015 -240.72548528773595 -244.66484539641675 -248.64173336179408 -252.65439419521996
-140.14193054193018 -144.3909379621883 -148.6617971769248 -148.63166688393028 -147.29815149964668 -146.1121493250597 -145.07637875626858 -144.19303325983748 -143.4633370377 -142.88614386813163 -142.45332369762852 -142.13388347648478 -142.45332369762852 -142.88614386813163 -143.4633370377 -144.19303325983748 -145.07637875626858 -146.1121493250597 -147.29815149964668 -148.63166688393028 -150.10960563619142 -151.72857183997797 -153.48490368170158 -155.37470804740022 -157.39389535662522 -159.53821587684178 -161.80329716650945 -164.18468173709215 -166.67786388292495 -169.27832468640506 -171.98156436992934 -174.78313138101436 -177.67864782508502 -180.6638310748912 -183.734511569912 -186.88664696455433 -190.11633288888567 -193.4198106523132 -196.7934722548859 -200.23386307912813 -203.7376826244973 -207.30178362280378 -210.92316984151478 -214.59899284680512 -218.32654796247903 -222.1032696265259 -225.92672631531855 -229.7946151768434 -233.70475648933746 -237.65508803983892 -241.64365949874184 -245.66862685069995 -249.72824692895372
-142.87127934207342 -146.4270655157444 -145.3642772216732 -143.84068665018864 -142.46537519093846 -141.24171925928212 -140.17269531578125 -139.26071909194675 -138.50718493159172 -137.91101701111097 -137.46390209520607 -137.13388347648475 -137.46390209520607 -137.91101701111097 -138.50718493159172 -139.26071909194675 -140.17269531578125 -141.24171925928212 -142.46537519093846 -143.84068665018864 -145.3642772216732 -147.03244100209648 -148.8411877655979 -150.786282963513 -152.8632883385708 -155.06760414764162 -157.3945123301905 -159.8392194194054 -162.39689791373547 -165.06272496781003 -167.83191751080722 -170.69976319034595 -173.661646825707 -176.71307230699753 -179.8496800810453 -183.06726051475027 -186.3617635248827 -189.72930491622716 -193.1661698866214 -196.66881414737367 -200.23386307912813 -203.85810930405583 -207.53850901080176 -211.27217732325587 -215.056382960394 -218.8885423942578 -222.76621367705943 -226.68709007692286 -230.64899363476434 -234.64986873179294 -238.68777573796666 -242.76088479562873 -246.86746977928732
-144.241637450837 -142.35588307425624 -140.63555943517488 -139.06349199575303 -137.64373608041956 -136.3799918366114 -135.27552767439226 -134.33301125501754 -133.5540311392331 -132.93759701428445 -132.4752080091891 -132.1338834764847 -132.4752080091891 -132.93759701428445 -133.5540311392331 -134.33301125501754 -135.27552767439226 -136.3799918366114 -137.64373608041956 -139.06349199575303 -140.63555943517488 -142.35588307425624 -144.22010370950008 -146.22360490443555 -148.36156062302422 -150.62898448501053 -153.0207795799915 -155.5317872892404 -158.15683358462957 -160.8907715304265 -163.7285190708257 -166.66509156356764 -169.6956288665162 -172.81541707147167 -176.0199051952479 -179.30471728272056 -182.66566045821162 -186.09872949193857 -189.60010844046838 -193.1661698866214 -196.7934722548859 -200.47875562185413 -204.21893638291763 -208.01110108037966 -211.85249964671698 -215.74053827093684 -219.67277205628207 -223.64689760356057 -227.66074562596395 -231.71227367739024 -235.79955905676962 -239.92079193475854 -244.0742687361025
-139.62382844548176 -137.70082020698402 -135.92511363540856 -134.3014837712857 -132.83438130076976 -131.52787363682745 -130.38556095646112 -129.41039775099597 -128.60419518217589 -127.9660665638474 -127.48731951780668 -127.13388347648456 -127.48731951780668 -127.9660665638474 -128.60419518217589 -129.41039775099597 -130.38556095646112 -131.52787363682745 -132.83438130076976 -134.3014837712857 -135.92511363540856 -137.70082020698402 -139.62382844548176 -141.68909382208318 -143.8913584838525 -146.22520885060376 -148.6851330799743 -151.26557645287852 -153.96099290154785 -156.76589131205537 -159.6748757219169 -162.6826790070582 -165.7841900576317 -168.97447475411965 -172.24879126945524 -175.60260034830617 -179.03157126728686 -182.53158417756987 -186.09872949193857 -189.72930491622716 -193.4198106523132 -197.16694322437712 -200.96758830781909 -204.81881287380176 -208.7178569039417 -212.66212487899213 -216.6491772027532 -220.6767216866501 -224.74260519109652 -228.8448054955095 -232.98142344947001 -237.15067544152063 -241.35088620956762
-135.05481807178782 -133.0694288938837 -131.2348270840065 -129.55625775144657 -128.03862066631007 -126.68640177859052 -125.50358011522142 -124.49343833346501 -123.65804387859063 -122.99663551801135 -122.50032634726497 -122.13388347648511 -122.50032634726497 -122.99663551801135 -123.65804387859063 -124.49343833346501 -125.50358011522142 -126.68640177859052 -128.03862066631007 -129.55625775144657 -131.2348270840065 -133.0694288938837 -135.05481807178782 -137.18546923952397 -139.4556432685402 -141.85945470948153 -144.3909379621883 -147.0441098110884 -149.81302633329372 -152.6918327921055 -155.67480576887814 -158.7563873579006 -161.93121170178 -165.19412446368975 -168.54019602607053 -171.96472929354755 -175.46326298666074 -179.03157126728686 -182.66566045821162 -186.3617635248827 -190.11633288888567 -193.92603204832625 -197.7877263940732 -201.69847353519484 -205.65551338222605 -209.65625818250408 -213.6982826570484 -217.77931435154542 -221.89722428442192 -226.05001795095546 -230.23582672325654 -234.4528996708097 -238.6995958143351
-130.51585164297256 -128.464181853126 -126.56685173351674 -124.82963929434365 -123.2579564239939 -121.85676831362186 -120.63048888526465 -119.58277828052111 -118.71600048934404 -118.02954618699985 -117.51433214183282 -117.13388347648777 -117.51433214183282 -118.02954618699985 -118.71600048934404 -119.58277828052111 -120.63048888526465 -121.85676831362186 -123.2579564239939 -124.82963929434365 -126.56685173351674 -128.464181853126 -130.51585164297256 -132.71579472845238 -135.05773540684777 -137.53526755544397 -140.14193054193018 -142.87127934207342 -145.71694673838948 -148.67269631567476 -151.7324657721898 -154.89040072447662 -158.14087966098884 -161.4785309980394 -164.89824333747987 -168.3951700545818 -171.96472929354755 -175.60260034830617 -179.30471728272056 -183.06726051475027 -186.88664696455433 -190.75951925354858 -194.6827343429594 -198.65335191676283 -202.66862274436278 -206.72597720150534 -210.82301408183892 -214.95748979452435 -219.12730801397245 -223.33050982454643 -227.56526438483164 -231.8298601220046 -236.1226964560622
-126.01008269167895 -123.88789790113982 -121.92365092394317 -120.12372546641654 -118.4941196988014 -117.04035029347475 -115.7673332446091 -114.67916549294668 -113.77855609079597 -113.06507990425914 -112.52945729040859 -112.13388347649575 -112.52945729040859 -113.06507990425914 -113.77855609079597 -114.67916549294668 -115.7673332446091 -117.04035029347475 -118.4941196988014 -120.12372546641654 -121.92365092394317 -123.88789790113982 -126.01008269167895 -128.28352956599625 -130.70136482923306 -133.2566089400868 -135.94226306846994 -138.75138695006407 -141.677165930162 -144.71296619934267 -147.85237818294337 -151.0892487637599 -154.41770348019074 -157.832160081228 -161.3273348855289 -164.89824333747987 -168.54019602607053 -172.24879126945524 -176.0199051952479 -179.8496800810453 -183.734511569912 -187.67103524603363 -191.65611294686488 -195.6868190983326 -199.76042728707355 -203.87439722552773 -208.02636221955737 -212.21411721197367 -216.43560744716157 -220.68891777998192 -224.9722626355974 -229.283976614188 -233.62250572530178
-121.54109984861329 -119.34380143693153 -117.3080557757931 -115.44093647758609 -113.7491154079832 -112.2387470937219 -110.91533069288117 -109.78347190250766 -108.84628384093935 -108.10356527692576 -107.54584247698506 -107.13388347651863 -107.54584247698506 -108.10356527692576 -108.84628384093935 -109.78347190250766 -110.91533069288117 -112.2387470937219 -113.7491154079832 -115.44093647758609 -117.3080557757931 -119.34380143693153 -121.54109984861329 -123.89258863989426 -126.3907285552092 -129.0279104717865 -131.79655321513687 -134.6891888602766 -137.6985336781563 -140.81754427255498 -144.0394595343331 -147.35782976128027 -150.76653468301436 -154.25979226087895 -157.832160081228 -161.4785309980394 -165.19412446368975 -168.97447475411965 -172.81541707147167 -176.71307230699753 -180.6638310748912 -184.66433748450817 -188.71147300177705 -192.80234065719426 -196.9342497838717 -201.10470141125512 -205.31137439514765 -209.55211233013202 -213.82491126421044 -218.12790821571045 -222.459370478003 -226.81768568713755 -231.20135262021847
-117.11299810533151 -114.83559344986828 -112.7233334713494 -110.78407875837556 -109.02527794486339 -107.45382709275212 -106.0759071006572 -104.89672052590463 -103.91985704701435 -103.14538864476113 -102.56365318327073 -102.13388347658824 -102.56365318327073 -103.14538864476113 -103.91985704701435 -104.89672052590463 -106.0759071006572 -107.45382709275212 -109.02527794486339 -110.78407875837556 -112.7233334713494 -114.83559344986828 -117.11299810533151 -119.54741174112142 -122.1305561912632 -124.85413416040123 -127.70993837162122 -130.68994336581562 -133.78637874786955 -136.9917843017758 -140.29904852556695 -143.70143277703778 -147.19258346481655 -150.76653468301436 -154.41770348019074 -158.14087966098884 -161.93121170178 -165.7841900576317 -169.6956288665162 -173.661646825707 -177.67864782508502 -181.7433017690255 -185.85252589743945 -190.00346682204722 -194.19348342079707 -198.42013067755676 -202.6811445117305 -206.97442761095104 -211.2980362566267 -215.65016811546587 -220.02915095855235 -224.43343226181184 -228.86156963717198
-112.73046242205174 -110.36753627834038 -108.17327008925471 -106.15642261808236 -104.32534062081736 -102.68778649694958 -101.2507435099959 -100.02011999778169 -99.00007228890132 -98.19100747956249 -97.58308545905021 -97.13388347679812 -97.58308545905021 -98.19100747956249 -99.00007228890132 -100.02011999778169 -101.2507435099959 -102.68778649694958 -104.32534062081736 -106.15642261808236 -108.17327008925471 -110.36753627834038 -112.73046242205174 -115.25304340385283 -117.92618399066583 -120.74083931703956 -123.68813458105124 -126.75946147791456 -129.94655130847968 -133.24152646720813 -136.63693306282693 -140.12575786532167 -143.70143277703778 -147.35782976128027 -151.0892487637599 -154.89040072447662 -158.7563873579006 -162.6826790070582 -166.66509156356764 -170.69976319034595 -174.78313138101436 -178.91191073177353 -183.08307167973464 -187.29382036892744 -191.54157973536064 -195.82397185055356 -200.13880152491154 -204.48404114504132 -208.8578167000926 -213.25839493969013 -217.68417159818227 -222.13366061594309 -226.60548428701253
-108.39886548746811 -105.94455465801302 -103.66227119400355 -101.56179816840691 -99.65252274776994 -97.94322404703152 -96.44183614369203 -95.15510913174111 -94.08787935671685 -93.24096775356033 -92.6043734033618 -92.13388347742827 -92.6043734033618 -93.24096775356033 -94.08787935671685 -95.15510913174111 -96.44183614369203 -97.94322404703152 -99.65252274776994 -101.56179816840691 -103.66227119400355 -105.94455465801302 -108.39886548746811 -111.01522438899273 -113.78363793831632 -116.69425594252779 -119.7374996334799 -122.90415966936348 -126.18546566576812 -129.5731306951426 -133.05937497555638 -136.63693306282693 -140.29904852556695 -144.0394595343331 -147.85237818294337 -151.7324657721898 -155.67480576887814 -159.6748757219169 -163.7285190708257 -167.83191751080722 -171.98156436992934 -176.1742392959249 -180.40698443169595 -184.6770821710359 -188.9820345222614 -193.31954406178724 -197.6874964279491 -202.08394428422008 -206.50709266770838 -210.95528563160417 -215.42699408735675 -219.92080475255602 -224.4354101130616
-104.1243814393548 -101.57235586445161 -99.19548395849375 -97.00471408865484 -95.01063939141913 -93.2232366179668 -91.65157411977917 -90.30341509949906 -89.1844205079368 -88.29592674748051 -87.62779898953524 -87.13388347931819 -87.62779898953524 -88.29592674748051 -89.1844205079368 -90.30341509949906 -91.65157411977917 -93.2232366179668 -95.01063939141913 -97.00471408865484 -99.19548395849375 -101.57235586445161 -104.1243814393548 -106.84049570762858 -109.70972598304579 -112.72136410670171 -115.8650993439183 -119.1311133958019 -122.51014177596988 -125.99350717331438 -129.5731306951426 -133.24152646720813 -136.9917843017758 -140.81754427255498 -144.71296619934267 -148.67269631567476 -152.6918327921055 -156.76589131205537 -160.8907715304265 -165.06272496781003 -169.27832468640506 -173.53443694175652 -177.828194894352 -182.15697438665836 -186.51837173674392 -190.91018346321064 -195.33038783319518 -199.7771281121428 -204.24869738826652 -208.74352484399515 -213.26016334973883 -217.79727826062447 -222.35363730382957
-99.91411717705469 -97.25757190482186 -94.77894516338182 -92.49050483499664 -90.40424027314245 -88.53154244558533 -86.88284112301547 -85.46713035020167 -84.29108267555512 -83.35668344260068 -82.65370515650544 -82.13388348498846 -82.65370515650544 -83.35668344260068 -84.29108267555512 -85.46713035020167 -86.88284112301547 -88.53154244558533 -90.40424027314245 -92.49050483499664 -94.77894516338182 -97.25757190482186 -99.91411717705469 -102.73631567022066 -105.71213897745196 -108.82997816921963 -112.07877535074539 -115.44810938569216 -118.9282433346296 -122.51014177596988 -126.18546566576812 -129.94655130847968 -133.78637874786955 -137.6985336781563 -141.677165930162 -145.71694673838948 -149.81302633329372 -153.96099290154785 -158.15683358462957 -162.39689791373547 -166.67786388292495 -170.99670672357743 -175.35067034719657 -179.73724135923618 -184.15412550578847 -188.5992263911728 -193.07062629307114 -197.56656889926387 -202.08544379330678 -206.6257725239319 -211.18619610275334 -215.76546378602316 -220.3624230080045
-95.77626242605638 -93.00792663384459 -90.4197598749059 -88.02551300568987 -85.83878607284325 -83.87264100278314 -82.1391497704699 -80.6488156667313 -79.4095679870288 -78.42421969205901 -77.68251354119636 -77.1338835019987 -77.68251354119636 -78.42421969205901 -79.4095679870288 -80.6488156667313 -82.1391497704699 -83.87264100278314 -85.83878607284325 -88.02551300568987 -90.4197598749059 -93.00792663384459 -95.77626242605638 -98.71118971816337 -101.79955900205246 -105.02883373373736 -108.38721179801347 -111.86369375672733 -115.44810938569216 -119.1311133958019 -122.90415966936348 -126.75946147791456 -130.68994336581562 -134.6891888602766 -138.75138695006407 -142.87127934207342 -147.0441098110884 -151.26557645287852 -155.5317872892404 -159.8392194194054 -164.18468173709215 -168.56528111553277 -172.97839188801703 -177.4216284073069 -181.89282044488206 -186.3899911838256 -190.9113375623231 -195.45521273491983 -200.0201104327019 -204.60465102018082 -209.20756906400055 -213.82770224594154 -218.46398146965382
