data/marine_mishaps/marine_mishaps1.asc
ncols         645
nrows         454
xllcorner     0
yllcorner     0
cellsize      1
NODATA_value  -99.
[rows 345 to 367 of 454, columns 530 to 582 of 645]
-171.96474393377898 -168.54020932187328 -165.19412836487092 -161.93119267025753 -158.7563272372407 -155.67468744568268 -152.69165388356916 -149.81282211688702 -147.04397877408212 -144.39104603815287 -141.85996793835176 -139.45651863716435 -137.18606829295743 -135.05349472595245 -133.06370035249515 -131.2234396706499 -129.54480757348466 -128.0485179774147 -126.75920094429573 -125.67412606911347 -124.67884605605099 -123.46597339251025 -121.85871329735795 -120.12243612702503 -118.49499163406408 -117.04038121780903 -115.76732810479436 -114.6791652630781 -113.77855609079597 -113.06507990425914 -112.52945729040859 -112.13388347649575 -112.52945729040859 -113.06507990425914 -113.77855609079597 -114.67916549294668 -115.7673332446091 -117.04035029347475 -118.4941196988014 -120.12372546641654 -121.92365092394317 -123.88789790113982 -126.01008269167895 -128.28352956599625 -130.70136482923306 -133.2566089400868 -135.94226306846994 -138.75138695006407 -141.677165930162 -144.71296619934267 -147.85237818294337 -151.0892487637599 -154.41770348019074
-168.3951816443968 -164.89825724412788 -161.47854331421843 -158.14088191692997 -154.89037867584682 -151.7324006310262 -148.67257158533798 -145.71676413940986 -142.87108415689443 -140.14183586772543 -137.53544459165258 -135.0583068497061 -132.71655856958336 -130.51584959176577 -128.46144413368967 -126.55930603892509 -124.81891641609909 -123.25732953458994 -121.89941723710119 -120.75920878272387 -119.77347712299147 -118.6849244612352 -117.18404965422593 -115.43507522041412 -113.75043417405169 -112.2388106320375 -110.91532320425479 -109.783471578493 -108.84628384093935 -108.10356527692576 -107.54584247698506 -107.13388347651863 -107.54584247698506 -108.10356527692576 -108.84628384093935 -109.78347190250766 -110.91533069288117 -112.2387470937219 -113.7491154079832 -115.44093647758609 -117.3080557757931 -119.34380143693153 -121.54109984861329 -123.89258863989426 -126.3907285552092 -129.0279104717865 -131.79655321513687 -134.6891888602766 -137.6985336781563 -140.81754427255498 -144.0394595343331 -147.35782976128027 -150.76653468301436
-164.8982509260898 -161.32734578740482 -157.8321732083405 -154.417714784255 -151.08924935629125 -147.85235308550534 -144.71289596286562 -141.67703476667666 -138.75120107861596 -135.9420782890648 -133.2565517797792 -130.70160345285584 -128.28411905425034 -126.0106223470077 -123.88711197985992 -121.9195082274753 -120.11556975731004 -118.48874207808078 -117.06135198281812 -115.8560313242733 -114.84887608649206 -113.85385790921403 -112.49674266652184 -110.7671776491698 -109.02712932190778 -107.45395636491273 -106.07589609320237 -104.89672005936329 -103.91985704701435 -103.14538864476113 -102.56365318327073 -102.13388347658824 -102.56365318327073 -103.14538864476113 -103.91985704701435 -104.89672052590463 -106.0759071006572 -107.45382709275212 -109.02527794486339 -110.78407875837556 -112.7233334713494 -114.83559344986828 -117.11299810533151 -119.54741174112142 -122.1305561912632 -124.85413416040123 -127.70993837162122 -130.68994336581562 -133.78637874786955 -136.9917843017758 -140.29904852556695 -143.70143277703778 -147.19258346481655
-161.47853512398498 -157.83216704064557 -154.2598024266322 -150.7665469785713 -147.35784001530658 -144.03945843927409 -140.81751606953247 -137.69845817666317 -134.68905099035592 -131.79636400221904 -129.0277366528061 -126.390708621632 -123.89287873507735 -121.5416644338919 -119.34402011398862 -117.30642768710867 -115.43591047717051 -113.74302211969925 -112.24619187580238 -110.97035643411894 -109.91811825443716 -108.97405576641113 -107.77881149017651 -106.11506841443043 -104.3275377775964 -102.6880477722693 -101.25072731516946 -100.02011930920585 -99.00007228890132 -98.19100747956249 -97.58308545905021 -97.13388347679812 -97.58308545905021 -98.19100747956249 -99.00007228890132 -100.02011999778169 -101.2507435099959 -102.68778649694958 -104.32534062081736 -106.15642261808236 -108.17327008925471 -110.36753627834038 -112.73046242205174 -115.25304340385283 -117.92618399066583 -120.74083931703956 -123.68813458105124 -126.75946147791456 -129.94655130847968 -133.24152646720813 -136.63693306282693 -140.12575786532167 -143.70143277703778
-158.14088144347602 -154.41770711098565 -150.76654098287972 -147.19259284131877 -143.7014441794046 -140.29905767981916 -136.99178147881594 -133.78634733893267 -130.68986229841062 -127.70979322561432 -124.85394108969894 -122.1303936014638 -119.54742947620565 -117.11333349161698 -114.8361063596588 -112.72320399350761 -110.78182204105079 -109.0207451324995 -107.4544221058651 -106.10585495145493 -104.99244567605815 -104.05658654736833 -103.01154211907968 -101.47000244267272 -99.6539769050705 -97.94374791086575 -96.44181264003117 -95.15510808610449 -94.08787935671685 -93.24096775356033 -92.6043734033618 -92.13388347742827 -92.6043734033618 -93.24096775356033 -94.08787935671685 -95.15510913174111 -96.44183614369203 -97.94322404703152 -99.65252274776994 -101.56179816840691 -103.66227119400355 -105.94455465801302 -108.39886548746811 -111.01522438899273 -113.78363793831632 -116.69425594252779 -119.7374996334799 -122.90415966936348 -126.18546566576812 -129.5731306951426 -133.05937497555638 -136.63693306282693 -140.29904852556695
-154.89040124372076 -151.0892502324789 -147.35783289443526 -143.7014383875051 -140.12576639317126 -136.63694349644072 -133.24153445296608 -129.9465466930068 -126.75942671302468 -123.68804752193006 -120.74068611264353 -117.92598654516708 -115.25289374032745 -112.73052425253985 -110.36792855194591 -108.1737545490571 -106.15606888987502 -104.3231269875249 -102.68629171191233 -101.26448723861664 -100.08053904013147 -99.11773866177865 -98.18265939036871 -96.81588809579944 -95.00781282172755 -93.22427365289496 -91.65154139646003 -90.30341345994336 -89.1844205079368 -88.29592674748051 -87.62779898953524 -87.13388347931819 -87.62779898953524 -88.29592674748051 -89.1844205079368 -90.30341509949906 -91.65157411977917 -93.2232366179668 -95.01063939141913 -97.00471408865484 -99.19548395849375 -101.57235586445161 -104.1243814393548 -106.84049570762858 -109.70972598304579 -112.72136410670171 -115.8650993439183 -119.1311133958019 -122.51014177596988 -125.99350717331438 -129.5731306951426 -133.24152646720813 -136.9917843017758
-151.73246578093332 -147.85237855707203 -144.03946070819444 -140.29905116362647 -136.6369379554011 -133.05938258809414 -129.5731400664329 -126.18547238994753 -122.90415317443501 -119.73746134290545 -116.69416245222747 -113.78347605014157 -111.01502327036354 -108.39873560406272 -105.94468298525862 -103.6627729434426 -101.56237540837395 -99.65231091686766 -97.94232220094113 -96.44703188223883 -95.18826759174493 -94.17340141548857 -93.29350059463619 -92.12869978057984 -90.38769816730506 -88.53355319195346 -86.88280003344127 -85.4671276889345 -84.29108267555512 -83.35668344260068 -82.65370515650544 -82.13388348498846 -82.65370515650544 -83.35668344260068 -84.29108267555512 -85.46713035020167 -86.88284112301547 -88.53154244558533 -90.40424027314245 -92.49050483499664 -94.77894516338182 -97.25757190482186 -99.91411717705469 -102.73631567022066 -105.71213897745196 -108.82997816921963 -112.07877535074539 -115.44810938569216 -118.9282433346296 -122.51014177596988 -126.18546566576812 -129.94655130847968 -133.78637874786955
-148.67269620913353 -144.7129661758097 -140.81754452582686 -136.99178520466805 -133.24152861909602 -129.57313484440448 -125.99351379706043 -122.5101499716741 -119.13111874271834 -115.86509088736854 -112.72132220794312 -109.70962592427348 -106.84032554443237 -104.12418102216294 -101.57226437001384 -99.19573286645803 -97.00544966267307 -95.01157348072738 -93.22380276389138 -91.65369526962266 -90.31882464247883 -89.2363895791957 -88.3597615244449 -87.38085593294885 -85.78627331143585 -83.87641363928212 -82.13911160866532 -80.6488111932706 -79.4095679870288 -78.42421969205901 -77.68251354119636 -77.1338835019987 -77.68251354119636 -78.42421969205901 -79.4095679870288 -80.6488156667313 -82.1391497704699 -83.87264100278314 -85.83878607284325 -88.02551300568987 -90.4197598749059 -93.00792663384459 -95.77626242605638 -98.71118971816337 -101.79955900205246 -105.02883373373736 -108.38721179801347 -111.86369375672733 -115.44810938569216 -119.1311133958019 -122.90415966936348 -126.75946147791456 -130.68994336581562
-145.71694665881407 -141.67716584140675 -137.69853363837467 -133.78637890569811 -129.9465519693693 -126.18546734855663 -122.51014516293347 -118.92824889305967 -115.44811627764744 -112.07877920011268 -108.82996774906925 -105.712093717688 -102.73620985846298 -99.91394180694274 -97.25738426078652 -94.77893196915879 -92.49097919735341 -90.40542963585486 -88.53322108075233 -86.88485198983976 -85.47338900485862 -84.31598929396279 -83.40362356867061 -82.5527788779476 -81.18519089380769 -79.25874029876775 -77.4248278728385 -75.85163238913171 -74.54199065036104 -73.49975704746957 -72.7147489548357 -72.13388355302942 -72.7147489548357 -73.49975704746957 -74.54199065036104 -75.85164015500217 -77.42482090804616 -79.25202153341056 -81.32087246288692 -83.6173146444382 -86.1263157860259 -88.83243018430528 -91.72025878219978 -94.7748115910145 -97.98177240804117 -101.32767384641907 -104.79999692983401 -108.38721179801347 -112.07877535074539 -115.8650993439183 -119.7374996334799 -123.68813458105124 -127.70993837162122
-142.87127930657599 -138.75138689554 -134.6891887932756 -130.68994332322697 -126.7594615656438 -122.90416012207055 -119.13111463707463 -115.44811200396231 -111.86369818055826 -108.38721726077179 -105.02883600740918 -101.79954684796407 -98.71114211429635 -95.77615372219657 -93.00775421565896 -90.4196098767442 -88.02564890425666 -85.83965169012166 -83.8745692939166 -82.14184046978693 -80.65201337951244 -79.41756034844802 -78.44473420635924 -77.6466877546061 -76.55046175827891 -74.68740391700308 -72.7454002695764 -71.07956021863474 -69.69101253239693 -68.5848368749597 -67.75107391683073 -67.13388370612105 -67.75107391683073 -68.5848368749597 -69.69101253239693 -71.07957404970323 -72.74522493945143 -74.67643601590778 -76.85851445749587 -79.27499605522334 -81.90853784020932 -84.74160194422879 -87.75698632006738 -90.93821248221708 -94.26978292353053 -97.73732900792398 -101.32767384641907 -105.02883373373736 -108.82997816921963 -112.72136410670171 -116.69425594252779 -120.74083931703956 -124.85413416040123
-140.14193053141187 -135.94226304849204 -131.79655318201807 -127.70993832698373 -123.68813454536121 -119.73749967475092 -115.86509962644246 -112.07877619169639 -108.38721366417471 -104.80000017797224 -101.32767779558367 -97.98177315677404 -94.77479840568286 -91.72021126552531 -88.83232493337708 -86.12616210948502 -83.61724305943405 -81.32125786578786 -79.25347139077357 -77.42764364823661 -75.85469843535567 -74.54276492334859 -73.49761307628346 -72.68872483919577 -71.83504512165639 -70.16940256705942 -68.10777047214644 -66.3376327945381 -64.8600365832535 -63.681436033937324 -62.79233864654916 -62.13388416539616 -62.79233864654916 -63.681436033937324 -64.8600365832535 -66.33765779683374 -68.10710889278978 -70.15425682061104 -72.4615057710019 -75.00949078641153 -77.77818640805764 -80.74772107547425 -83.89896363082318 -87.2139119262976 -90.67591729541137 -94.26978292353053 -97.98177240804117 -101.79955900205246 -105.71213897745196 -109.70972598304579 -113.78363793831632 -117.92618399066583 -122.1305561912632
-137.53526755355034 -133.25660893556 -129.02791046239253 -124.85413414349274 -120.74083929207005 -116.69425591878709 -112.72136412157931 -108.82997832246329 -105.02883423275534 -101.32767501549024 -97.7373311026971 -94.26978537975248 -90.93821200618729 -87.75697355587654 -84.74155900410365 -81.9084469331244 -79.27488456111735 -76.858570047738 -74.67716162087305 -72.74732523040318 -71.08274267787672 -69.69098158900186 -68.571662986204 -67.71269481060989 -66.99997944864438 -65.70896647237444 -63.520936930827304 -61.63233681342688 -60.05348823457473 -58.792138368648175 -57.83965564644106 -57.13388554322175 -57.83965564644106 -58.792138368648175 -60.05348823457473 -61.63238199520505 -63.51904153855301 -65.69594418823188 -68.14186918485036 -70.83398410064805 -73.74919927528795 -76.86509963810876 -80.16055282882796 -83.61605982968999 -87.2139119262976 -90.93821248221708 -94.7748115910145 -98.71118971816337 -102.73631567022066 -106.84049570762858 -111.01522438899273 -115.25304340385283 -119.54741174112142
-135.05773540671217 -130.70136482871098 -126.39072855377044 -122.1305561879484 -117.92618398413168 -113.78363792772336 -109.70972597142224 -105.71213898068712 -101.79955906769392 -97.9817726434163 -94.26978350744162 -90.67591836979956 -87.21391309439721 -83.89896257243038 -80.7477110049799 -77.778154490834 -75.0094281968038 -72.46145851030248 -70.15445753606795 -68.10812608411517 -66.33997052442032 -64.86122074957689 -63.669323751325564 -62.74443730036534 -62.05428241252274 -61.300389458159195 -58.99675133032613 -56.97214873369131 -55.277232455654676 -53.92039620723361 -52.894514937077886 -52.13388967669875 -52.894514937077886 -53.92039620723361 -55.277232455654676 -56.9722286398929 -58.992019336331154 -61.31465293416287 -63.91441321923402 -66.76438830969782 -69.83807196840155 -73.11036683877603 -76.55815439952268 -80.16055282882796 -83.89896363082318 -87.75698632006738 -91.72025878219978 -95.77626242605638 -99.91411717705469 -104.1243814393548 -108.39886548746811 -112.73046242205174 -117.11299810533151
-132.71579472846048 -128.28352956598596 -123.89258863981954 -119.54741174086644 -115.2530434031862 -111.01522438753669 -106.8404957050248 -102.73631566697661 -98.71118971827391 -94.77481160813912 -90.93821255013466 -87.21391210518242 -83.61606016587628 -80.16055314008227 -76.86509886600977 -73.74919423813806 -70.83396902542775 -68.14184386487142 -65.69595451524916 -63.51928487311348 -61.63326527084996 -60.05465793245616 -58.78700954134043 -57.8037184374207 -57.07420623591239 -56.914330763437874 -54.55090396883036 -52.368311730614124 -50.539201744887464 -49.070940635287776 -47.95896928526847 -47.13390207712975 -47.95896928526847 -49.070940635287776 -50.539201744887464 -52.36844557325667 -54.54028711332462 -57.02700943124885 -59.79740560017808 -62.81988393237064 -66.0642608387179 -69.50274241145536 -73.11036683877603 -76.86509963810876 -80.74772107547425 -84.74160194422879 -88.83243018430528 -93.00792663384459 -97.25757190482186 -101.57235586445161 -105.94455465801302 -110.36753627834038 -114.83559344986828
-130.51585164297256 -126.01008269167895 -121.54109984861329 -117.11299810533151 -112.73046242205174 -108.39886548746811 -104.1243814393548 -99.91411717705469 -95.77626242605638 -91.72025878219978 -87.75698632006738 -83.89896363082318 -80.16055282882796 -76.55815439952268 -73.11036683877603 -69.83807196840155 -66.76438830969782 -63.91441321923402 -61.31465293416287 -58.992019336331154 -56.9722286398929 -55.277232455654676 -53.92039620723361 -52.894514937077886 -52.13388967669875 -52.48105909832377 -50.20365159754478 -47.83595304007261 -45.85035205243063 -44.25044239299336 -43.035944870459524 -42.13393927842256 -43.035944870459524 -44.25044239299336 -45.85035205243063 -47.836152381153205 -50.18243577274468 -52.85408504836251 -55.81336157758386 -59.02350565278318 -62.45057628180489 -66.0642608387179 -69.83807196840155 -73.74919927528795 -77.77818640805764 -81.90853784020932 -86.1263157860259 -90.4197598749059 -94.77894516338182 -99.19548395849375 -103.66227119400355 -108.17327008925471 -112.7233334713494
-128.464181853126 -123.88789790113982 -119.34380143693153 -114.83559344986828 -110.36753627834038 -105.94455465801302 -101.57235586445161 -97.25757190482186 -93.00792663384459 -88.83243018430528 -84.74160194422879 -80.74772107547425 -76.86509963810876 -73.11036683877603 -69.50274241145536 -66.0642608387179 -62.81988393237064 -59.79740560017808 -57.02700943124885 -54.54028711332462 -52.36844557325667 -50.539201744887464 -49.070940635287776 -47.95896928526847 -47.13390207712975 -47.894142419011736 -45.97859365635884 -43.39568239383545 -41.226122037261035 -39.46859890654432 -38.129784806640956 -37.134050882301 -38.129784806640956 -39.46859890654432 -41.226122037261035 -43.3959019826797 -45.94283739613214 -48.82257378553944 -51.98991904839098 -55.40272340662998 -59.02350565278318 -62.81988393237064 -66.76438830969782 -70.83398410064805 -75.00949078641153 -79.27499605522334 -83.6173146444382 -88.02551300568987 -92.49050483499664 -97.00471408865484 -101.56179816840691 -106.15642261808236 -110.78407875837556
-126.56685173351674 -121.92365092394317 -117.3080557757931 -112.7233334713494 -108.17327008925471 -103.66227119400355 -99.19548395849375 -94.77894516338182 -90.4197598749059 -86.1263157860259 -81.90853784020932 -77.77818640805764 -73.74919927528795 -69.83807196840155 -66.0642608387179 -62.45057628180489 -59.02350565278318 -55.81336157758386 -52.85408504836251 -50.18243577274468 -47.836152381153205 -45.85035205243063 -44.25044239299336 -43.035944870459524 -42.13393927842256 -43.081466248994246 -41.89476711662661 -39.075841555067946 -36.68864036695772 -34.73994159613762 -33.247235869913354 -32.13438569393657 -33.247235869913354 -34.73994159613762 -36.68864036695772 -39.07583239130858 -41.85345054573644 -44.966137078338704 -48.360721859828004 -51.98991904839098 -55.81336157758386 -59.79740560017808 -63.91441321923402 -68.14186918485036 -72.4615057710019 -76.85851445749587 -81.32087246288692 -85.83878607284325 -90.40424027314245 -95.01063939141913 -99.65252274776994 -104.32534062081736 -109.02527794486339
-124.82963929434365 -120.12372546641654 -115.44093647758609 -110.78407875837556 -106.15642261808236 -101.56179816840691 -97.00471408865484 -92.49050483499664 -88.02551300568987 -83.6173146444382 -79.27499605522334 -75.00949078641153 -70.83398410064805 -66.76438830969782 -62.81988393237064 -59.02350565278318 -55.40272340662998 -51.98991904839098 -48.82257378553944 -45.94283739613214 -43.3959019826797 -41.226122037261035 -39.46859890654432 -38.129784806640956 -37.134050882301 -38.129784806640956 -37.94225272370153 -34.915551859791336 -32.26997419288721 -30.08682447924077 -28.39928577991893 -27.13539012884334 -28.39928577991893 -30.08682447924077 -32.26997419288721 -34.91450070446895 -37.955945361967395 -41.326782851755375 -44.966137078338704 -48.82257378553944 -52.85408504836251 -57.02700943124885 -61.31465293416287 -65.69594418823188 -70.15425682061104 -74.67643601590778 -79.25202153341056 -83.87264100278314 -88.53154244558533 -93.2232366179668 -97.94322404703152 -102.68778649694958 -107.45382709275212
-123.2579564239939 -118.4941196988014 -113.7491154079832 -109.02527794486339 -104.32534062081736 -99.65252274776994 -95.01063939141913 -90.40424027314245 -85.83878607284325 -81.32087246288692 -76.85851445749587 -72.4615057710019 -68.14186918485036 -63.91441321923402 -59.79740560017808 -55.81336157758386 -51.98991904839098 -48.360721859828004 -44.966137078338704 -41.85345054573644 -39.07583239130858 -36.68864036695772 -34.73994159613762 -33.247235869913354 -32.13438569393657 -33.247235869913354 -34.03205207507382 -30.968475811866366 -28.016641409426093 -25.544212373138496 -23.6046025483712 -22.138403433563646 -23.6046025483712 -25.544212373138496 -28.016641409426093 -30.96431547496219 -34.303896100762685 -37.955945361967395 -41.85345054573644 -45.94283739613214 -50.18243577274468 -54.54028711332462 -58.992019336331154 -63.51904153855301 -68.10710889278978 -72.74522493945143 -77.42482090804616 -82.1391497704699 -86.88284112301547 -91.65157411977917 -96.44183614369203 -101.2507435099959 -106.0759071006572
-121.85676831362186 -117.04035029347475 -112.2387470937219 -107.45382709275212 -102.68778649694958 -97.94322404703152 -93.2232366179668 -88.53154244558533 -83.87264100278314 -79.25202153341056 -74.67643601590778 -70.15425682061104 -65.69594418823188 -61.31465293416287 -57.02700943124885 -52.85408504836251 -48.82257378553944 -44.966137078338704 -41.326782851755375 -37.955945361967395 -34.91450070446895 -32.26997419288721 -30.08682447924077 -28.39928577991893 -27.13539012884334 -28.39928577991893 -29.956310610727716 -27.306262239468563 -23.99516849859447 -21.16676647720729 -18.895792960969143 -17.14744334772456 -18.895792960969143 -21.16676647720729 -23.99516849859447 -27.294991776345352 -30.96431547496219 -34.91450070446895 -39.07583239130858 -43.3959019826797 -47.836152381153205 -52.36844557325667 -56.9722286398929 -61.63238199520505 -66.33765779683374 -71.07957404970323 -75.85164015500217 -80.6488156667313 -85.46713035020167 -90.30341509949906 -95.15510913174111 -100.02011999778169 -104.89672052590463
-120.63048888526465 -115.7673332446091 -110.91533069288117 -106.0759071006572 -101.2507435099959 -96.44183614369203 -91.65157411977917 -86.88284112301547 -82.1391497704699 -77.42482090804616 -72.74522493945143 -68.10710889278978 -63.51904153855301 -58.992019336331154 -54.54028711332462 -50.18243577274468 -45.94283739613214 -41.85345054573644 -37.955945361967395 -34.303896100762685 -30.96431547496219 -28.016641409426093 -25.544212373138496 -23.6046025483712 -22.138403433563646 -23.6046025483712 -25.544212373138496 -24.017437064822754 -20.297054301036237 -17.037462109001467 -14.329753344762635 -12.174563090207277 -14.329753344762635 -17.037462109001467 -20.297054301036237 -23.99516849859447 -28.016641409426093 -32.26997419288721 -36.68864036695772 -41.226122037261035 -45.85035205243063 -50.539201744887464 -55.277232455654676 -60.05348823457473 -64.8600365832535 -69.69101253239693 -74.54199065036104 -79.4095679870288 -84.29108267555512 -89.1844205079368 -94.08787935671685 -99.00007228890132 -103.91985704701435
-119.58277828052111 -114.67916549294668 -109.78347190250766 -104.89672052590463 -100.02011999778169 -95.15510913174111 -90.30341509949906 -85.46713035020167 -80.6488156667313 -75.85164015500217 -71.07957404970323 -66.33765779683374 -61.63238199520505 -56.9722286398929 -52.36844557325667 -47.836152381153205 -43.3959019826797 -39.07583239130858 -34.91450070446895 -30.96431547496219 -27.294991776345352 -23.99516849859447 -21.16676647720729 -18.895792960969143 -17.14744334772456 -18.895792960969143 -21.16676647720729 -21.188055510405395 -17.037462109001467 -13.272200640603128 -10.000364106899847 -7.255922317655457 -10.000364106899847 -13.272200640603128 -17.037462109001467 -21.16676647720729 -25.544212373138496 -30.08682447924077 -34.73994159613762 -39.46859890654432 -44.25044239299336 -49.070940635287776 -53.92039620723361 -58.792138368648175 -63.681436033937324 -68.5848368749597 -73.49975704746957 -78.42421969205901 -83.35668344260068 -88.29592674748051 -93.24096775356033 -98.19100747956249 -103.14538864476113
-118.71600048934404 -113.77855609079597 -108.84628384093935 -103.91985704701435 -99.00007228890132 -94.08787935671685 -89.1844205079368 -84.29108267555512 -79.4095679870288 -74.54199065036104 -69.69101253239693 -64.8600365832535 -60.05348823457473 -55.277232455654676 -50.539201744887464 -45.85035205243063 -41.226122037261035 -36.68864036695772 -32.26997419288721 -28.016641409426093 -23.99516849859447 -20.297054301036237 -17.037462109001467 -14.329753344762635 -12.174563090207277 -14.329753344762635 -17.037462109001467 -18.82897368001955 -14.329753344762635 -10.000364106899847 -6.035533905932738 -2.5 -6.035533905932738 -10.000364106899847 -14.329753344762635 -18.895792960969143 -23.6046025483712 -28.39928577991893 -33.247235869913354 -38.129784806640956 -43.035944870459524 -47.95896928526847 -52.894514937077886 -57.83965564644106 -62.79233864654916 -67.75107391683073 -72.7147489548357 -77.68251354119636 -82.65370515650544 -87.62779898953524 -92.6043734033618 -97.58308545905021 -102.56365318327073
