data/bathymetry/bathymetry1.asc
ncols         129
nrows         91
xllcorner     -80.95
yllcorner     32.02
cellsize      0.05
NODATA_value  -99999
[rows 42 to 83 of 91, columns 0 to 92 of 129]
112 71 93 82 118 129 129 112 125 104 117 118 73 120 112 95 117 105 68 63 58 56 36 20 20 21 38 43 39 38 37 34 33 37 40 34 31 45 40 35 37 36 36 29 22 20 30 32 39 25 22 19 11 9 4 3 2 11 4 13 21 9 1 4 10 15 13 4 -4 -11 -12 -12 -13 -15 -15 -17 -18 -20 -21 -21 -23 -23 -22 -23 -24 -22 -21 -20 -16 -12 -13 -14 -25
86 89 82 73 80 97 109 122 130 111 109 73 80 84 107 76 81 56 55 56 54 46 54 35 22 25 24 40 30 29 29 30 30 30 30 30 32 31 40 30 30 34 32 29 23 20 25 34 21 21 23 23 20 10 3 5 4 -2 9 4 4 11 2 5 12 8 -2 -12 -12 -13 -14 -15 -16 -17 -18 -19 -20 -22 -22 -23 -24 -24 -25 -26 -25 -25 -25 -19 -15 -13 -19 -22 -19
141 158 150 120 101 71 103 97 97 84 113 114 84 65 89 86 69 64 61 57 51 49 48 49 34 20 21 15 21 29 30 30 20 30 31 30 22 22 23 30 31 29 34 30 20 16 25 19 21 15 18 19 21 17 9 18 16 4 -2 -12 7 6 14 15 7 -2 -12 -13 -14 -15 -15 -16 -18 -18 -20 -21 -22 -23 -25 -26 -27 -24 -25 -27 -28 -28 -27 -26 -26 -26 -26 -24 -27
154 128 106 128 119 77 81 72 74 80 88 79 102 82 54 63 62 63 57 54 50 47 34 44 40 21 15 16 21 22 23 33 30 30 19 31 15 17 23 30 36 30 34 22 29 14 23 14 12 12 17 18 15 12 16 20 13 18 5 5 7 10 11 2 -2 -13 -13 -14 -15 -19 -18 -18 -20 -21 -22 -22 -24 -24 -26 -27 -28 -27 -28 -26 -28 -30 -30 -27 -30 -29 -30 -31 -30
128 119 95 80 67 63 48 50 74 90 96 78 89 85 57 60 58 57 52 52 50 47 39 41 36 28 15 14 15 21 18 30 31 30 30 23 13 22 33 30 36 37 32 30 22 17 15 14 17 14 16 17 22 20 15 19 11 17 4 -1 7 10 6 -3 -12 -13 -15 -17 -18 -19 -21 -21 -21 -23 -24 -25 -25 -26 -27 -28 -29 -30 -29 -29 -31 -30 -30 -32 -32 -31 -29 -32 -33
132 108 83 104 88 74 49 48 83 83 101 76 68 62 60 47 55 51 47 49 44 45 37 45 36 24 24 29 14 18 18 26 28 30 24 15 19 21 30 27 30 27 31 23 22 19 16 14 12 15 18 19 19 23 17 9 14 7 9 -1 16 7 -2 -12 -16 -14 -15 -19 -18 -18 -20 -21 -24 -24 -26 -26 -28 -28 -29 -29 -30 -31 -31 -32 -33 -33 -33 -31 -32 -32 -32 -32 -35
103 136 99 72 56 45 47 47 80 87 102 77 67 63 57 53 46 52 47 45 44 43 40 36 25 24 21 15 12 12 16 21 23 29 12 15 23 23 27 27 27 33 21 19 18 18 12 12 12 16 14 16 19 19 21 14 15 10 3 -2 4 7 -11 -13 -15 -18 -18 -18 -19 -19 -21 -24 -26 -26 -28 -27 -28 -29 -30 -32 -31 -31 -32 -34 -34 -36 -35 -36 -36 -36 -38 -40 -41
95 103 111 91 92 57 42 46 61 77 94 70 55 49 53 52 49 41 48 42 43 39 40 38 32 24 24 30 11 11 15 16 17 12 12 15 14 17 23 26 30 34 31 22 12 16 15 9 12 13 12 16 17 19 18 15 16 8 16 11 -2 -2 -13 -13 -14 -19 -18 -20 -20 -22 -24 -25 -24 -25 -29 -30 -30 -30 -31 -32 -33 -34 -34 -35 -36 -36 -38 -38 -38 -39 -40 -42 -41
72 103 126 91 98 67 39 41 47 67 73 55 52 47 48 44 49 47 43 41 41 31 38 26 23 36 30 24 15 10 12 12 15 12 15 30 30 30 33 30 32 33 31 15 12 12 9 3 10 12 20 19 16 9 10 6 14 16 14 8 -2 -7 -12 -14 -15 -17 -18 -19 -21 -22 -23 -26 -32 -30 -31 -31 -31 -33 -32 -34 -35 -34 -34 -35 -36 -37 -39 -43 -42 -41 -41 -43 -58
89 112 81 121 72 68 34 41 95 96 63 56 45 41 41 42 44 44 46 42 40 34 29 29 22 26 24 22 23 11 12 12 10 12 30 18 33 30 30 28 24 25 13 11 8 9 -2 5 10 15 14 9 10 13 13 12 11 14 10 5 -2 -10 -12 -16 -15 -17 -19 -20 -23 -25 -25 -26 -26 -27 -29 -30 -31 -31 -32 -32 -34 -34 -37 -36 -38 -39 -40 -40 -38 -41 -44 -83 -122
58 69 78 99 108 104 37 34 84 68 55 55 46 46 38 38 46 41 39 41 38 33 33 28 24 19 28 23 24 8 9 12 7 10 13 18 24 22 15 12 12 12 12 9 8 -5 -5 -3 6 6 13 5 -2 8 8 11 7 8 8 -6 -3 -11 -14 -15 -18 -19 -21 -23 -24 -25 -29 -29 -28 -30 -30 -29 -33 -32 -32 -34 -34 -36 -35 -38 -40 -41 -41 -40 -41 -48 -64 -123 -186
46 45 55 57 57 72 51 38 79 61 50 51 48 46 46 37 37 37 40 35 35 32 27 21 25 28 14 23 15 18 15 9 8 6 16 16 21 9 8 9 9 3 3 3 -2 -2 3 5 -3 -7 -2 -7 -9 -10 -10 -10 -10 -6 -2 -2 -8 -12 -15 -15 -18 -20 -22 -25 -25 -25 -26 -28 -30 -31 -30 -32 -31 -32 -36 -34 -36 -36 -38 -39 -41 -40 -42 -44 -53 -67 -135 -197 -252
46 38 43 42 39 41 45 34 68 61 59 57 41 45 44 39 29 34 34 27 30 28 24 25 23 15 16 11 12 8 7 7 6 6 7 13 12 11 6 6 3 8 8 12 4 -4 -10 -5 -7 -10 -10 -11 -12 -11 -13 -12 -12 -10 -7 -4 -9 -12 -14 -17 -19 -22 -24 -25 -28 -26 -26 -27 -30 -33 -33 -34 -32 -34 -36 -36 -36 -38 -41 -41 -42 -42 -44 -56 -83 -153 -203 -234 -278
105 33 37 35 35 26 29 27 64 62 58 58 46 34 43 37 33 29 35 30 27 25 22 20 20 18 28 25 23 17 14 15 6 7 6 12 15 6 7 12 12 12 15 -2 -4 -9 -8 -10 -11 -12 -12 -14 -14 -14 -15 -14 -13 -14 -12 -8 -6 -11 -14 -18 -21 -21 -24 -25 -29 -29 -30 -28 -30 -34 -33 -34 -34 -36 -37 -38 -39 -41 -41 -41 -42 -48 -60 -108 -166 -208 -253 -244 -387
98 98 105 51 81 65 35 26 64 62 56 55 51 43 27 35 30 26 25 24 22 25 21 27 23 15 16 17 15 22 23 8 18 8 6 6 12 6 5 12 12 6 -2 -8 -9 -10 -11 -12 -14 -14 -16 -15 -14 -16 -15 -14 -15 -15 -12 -11 -2 -12 -14 -18 -22 -22 -22 -28 -28 -29 -28 -28 -31 -32 -34 -35 -35 -34 -37 -40 -41 -41 -41 -41 -52 -67 -135 -178 -220 -255 -267 -400 -418
107 96 90 92 81 79 57 24 27 47 57 48 48 49 41 29 28 33 23 26 20 17 26 20 26 21 18 21 13 18 18 15 8 9 3 3 6 5 4 6 6 -6 -8 -8 -11 -11 -13 -14 -15 -16 -17 -17 -17 -16 -17 -16 -15 -15 -14 -13 -9 -7 -13 -14 -20 -22 -24 -26 -28 -29 -31 -28 -27 -33 -32 -34 -35 -34 -38 -40 -41 -41 -44 -58 -99 -150 -186 -220 -242 -280 -453 -467 -477
109 97 90 95 66 62 65 47 25 29 37 44 50 48 37 38 44 33 22 22 18 16 14 17 22 24 24 22 21 19 15 9 12 9 9 8 5 6 6 8 -5 -8 -9 -12 -12 -14 -15 -16 -16 -16 -18 -19 -18 -18 -18 -18 -17 -16 -16 -13 -15 -8 -8 -8 -14 -20 -23 -25 -26 -27 -32 -31 -31 -32 -34 -32 -35 -38 -38 -39 -43 -53 -74 -124 -158 -191 -225 -267 -317 -378 -465 -473 -470
86 67 98 81 66 57 51 48 23 24 29 35 41 39 33 34 38 28 22 20 23 21 19 13 15 18 20 18 17 17 12 21 13 6 6 6 3 6 7 -5 -8 -10 -11 -12 -13 -14 -15 -18 -17 -19 -20 -19 -20 -20 -19 -20 -18 -18 -18 -17 -21 -19 -17 -11 -12 -12 -18 -24 -25 -27 -33 -28 -30 -32 -35 -37 -37 -38 -38 -39 -55 -93 -129 -161 -194 -229 -256 -318 -364 -421 -474 -490 -512
69 59 92 66 54 51 51 51 49 23 25 26 27 30 28 36 34 17 21 26 26 23 24 23 20 19 11 12 17 18 11 5 14 12 6 3 7 7 -2 -8 -9 -10 -12 -12 -13 -14 -18 -18 -17 -19 -21 -21 -21 -22 -21 -20 -21 -20 -21 -22 -24 -24 -23 -20 -16 -18 -12 -16 -26 -27 -31 -31 -32 -34 -37 -37 -40 -39 -40 -43 -90 -130 -167 -206 -217 -246 -298 -363 -418 -463 -511 -556 -585
81 51 64 57 52 46 46 52 49 42 23 32 23 23 23 22 17 19 13 14 18 26 23 20 23 22 15 10 6 15 16 10 14 6 8 2 6 -2 -7 -8 -10 -11 -13 -13 -15 -17 -18 -19 -19 -21 -21 -24 -22 -22 -24 -22 -22 -24 -23 -24 -26 -26 -26 -25 -24 -21 -19 -18 -17 -26 -30 -30 -33 -37 -38 -39 -42 -42 -44 -62 -129 -179 -210 -226 -263 -297 -366 -411 -460 -473 -531 -570 -604
76 55 60 58 51 52 43 46 39 42 40 28 23 23 23 23 21 23 26 29 15 12 18 21 23 18 13 17 11 11 13 10 10 6 2 7 5 -7 -8 -8 -10 -13 -11 -15 -17 -18 -19 -19 -19 -21 -22 -23 -23 -24 -25 -25 -24 -25 -24 -27 -28 -27 -26 -27 -27 -26 -24 -22 -23 -22 -28 -32 -34 -40 -40 -40 -43 -49 -88 -152 -196 -227 -241 -232 -313 -379 -426 -457 -495 -528 -574 -591 -667
55 49 55 54 51 48 44 34 32 34 37 38 32 27 29 26 30 21 21 28 25 24 12 10 16 17 13 17 19 12 9 5 5 2 -1 13 -6 -9 -11 -10 -11 -12 -15 -14 -15 -16 -20 -20 -23 -24 -24 -25 -24 -25 -26 -27 -26 -26 -26 -27 -29 -29 -30 -28 -27 -26 -23 -23 -25 -26 -24 -27 -31 -40 -42 -45 -75 -132 -162 -198 -227 -237 -248 -323 -368 -417 -452 -490 -528 -570 -587 -643 -680
51 45 50 50 50 45 34 33 32 27 34 32 28 31 33 34 24 21 21 25 18 20 18 13 6 16 10 16 13 16 6 6 9 -3 11 -3 -7 -9 -10 -12 -14 -13 -13 -16 -16 -18 -19 -20 -22 -23 -26 -25 -26 -27 -27 -28 -28 -28 -29 -29 -30 -31 -31 -29 -29 -27 -29 -28 -26 -25 -26 -29 -34 -39 -58 -101 -130 -162 -225 -220 -242 -250 -324 -352 -399 -452 -479 -529 -561 -586 -631 -670 -703
41 43 46 48 43 43 36 35 29 23 28 30 30 30 35 31 21 21 21 21 19 15 15 17 17 15 16 8 8 10 8 8 11 -3 -11 -3 -9 -12 -13 -12 -13 -14 -15 -16 -17 -18 -20 -21 -22 -24 -25 -26 -28 -26 -28 -28 -30 -30 -32 -31 -30 -31 -31 -32 -31 -30 -31 -34 -37 -36 -38 -37 -41 -64 -101 -132 -172 -197 -212 -237 -284 -313 -346 -405 -442 -460 -522 -557 -580 -626 -665 -697 -754
45 39 37 44 47 41 36 29 31 31 18 29 31 35 38 29 24 21 24 11 10 15 20 21 19 15 13 5 12 6 7 9 15 3 -6 -4 -8 -10 -12 -12 -14 -15 -16 -17 -16 -18 -20 -22 -23 -25 -27 -28 -28 -29 -27 -29 -31 -31 -33 -32 -32 -33 -35 -35 -35 -36 -40 -42 -43 -42 -45 -61 -66 -72 -135 -186 -210 -216 -220 -299 -337 -358 -400 -438 -467 -518 -549 -580 -621 -662 -696 -726 -790
46 47 43 35 41 37 28 34 25 27 32 34 35 26 27 23 21 27 23 10 18 16 19 14 11 13 12 16 14 15 12 -2 -3 -3 -6 -2 -6 -10 -11 -13 -15 -16 -18 -19 -19 -20 -20 -22 -24 -26 -28 -28 -30 -32 -32 -31 -32 -33 -32 -33 -33 -35 -36 -36 -41 -44 -46 -46 -49 -59 -76 -98 -139 -179 -204 -217 -226 -239 -332 -363 -394 -414 -433 -473 -519 -544 -575 -622 -658 -701 -729 -766 -808
37 47 42 39 29 26 32 25 28 32 39 34 24 28 25 27 30 26 12 -2 13 18 9 12 10 13 18 11 10 18 13 9 -3 -2 -2 -6 -8 -11 -11 -11 -14 -16 -17 -18 -20 -21 -22 -22 -23 -25 -24 -28 -30 -31 -33 -32 -33 -33 -34 -36 -37 -40 -41 -51 -54 -57 -72 -94 -118 -135 -156 -185 -221 -233 -240 -245 -310 -332 -439 -464 -443 -446 -475 -517 -542 -584 -611 -658 -691 -716 -762 -805 -868
28 37 37 36 35 33 26 25 25 35 30 19 24 17 24 23 27 20 10 11 7 9 5 12 13 15 13 10 10 9 2 -2 -2 -3 -5 -7 -8 -12 -13 -13 -13 -16 -19 -20 -23 -24 -24 -25 -24 -24 -27 -29 -29 -32 -33 -34 -33 -35 -35 -44 -34 -50 -78 -93 -109 -124 -136 -152 -175 -200 -234 -244 -264 -271 -281 -278 -333 -351 -427 -430 -457 -555 -524 -541 -576 -625 -635 -676 -695 -753 -791 -849 -951
31 27 37 30 31 31 31 35 30 24 21 26 23 20 21 27 24 14 15 11 -2 9 12 15 15 11 7 9 -2 -4 -2 -3 -2 -7 -8 -10 -8 -14 -12 -15 -14 -16 -19 -22 -22 -26 -28 -30 -30 -32 -32 -31 -32 -30 -32 -32 -33 -38 -41 -45 -99 -155 -120 -131 -144 -158 -177 -205 -239 -239 -245 -257 -288 -303 -322 -312 -295 -369 -420 -429 -486 -519 -598 -587 -624 -650 -655 -705 -737 -774 -828 -902 -1020
27 20 29 30 31 32 25 41 26 22 14 21 22 13 23 23 23 8 12 3 4 5 10 17 8 9 9 -2 -2 -2 -3 -3 -3 -8 -11 -14 -10 -19 -20 -17 -15 -15 -25 -27 -27 -27 -28 -29 -29 -29 -34 -35 -34 -28 -30 -33 -41 -46 -55 -88 -120 -143 -144 -155 -174 -199 -225 -245 -239 -249 -273 -290 -304 -309 -332 -349 -366 -413 -440 -470 -513 -538 -588 -647 -656 -683 -704 -740 -776 -820 -882 -973 -1147
30 22 30 33 25 28 36 18 16 19 14 13 13 9 12 15 11 7 5 1 1 22 10 2 5 7 -2 -3 -3 -6 -7 -8 -10 -9 -14 -16 -17 -20 -22 -24 -24 -25 -26 -27 -28 -31 -32 -34 -35 -37 -38 -38 -37 -36 -41 -47 -62 -91 -118 -130 -140 -153 -172 -196 -213 -237 -246 -251 -263 -277 -287 -293 -311 -341 -360 -377 -391 -444 -487 -515 -542 -571 -621 -645 -666 -722 -735 -764 -808 -856 -939 -1077 -1273
26 20 32 31 34 23 21 11 15 9 12 13 16 13 13 14 18 1 9 10 9 -2 5 7 7 -2 1 -2 -7 -11 -11 -11 -13 -12 -14 -17 -20 -22 -22 -25 -26 -27 -27 -28 -31 -32 -34 -37 -38 -40 -41 -41 -38 -42 -67 -90 -110 -124 -141 -157 -175 -187 -204 -226 -253 -255 -265 -270 -279 -283 -301 -324 -343 -369 -386 -405 -418 -467 -525 -554 -585 -596 -647 -673 -686 -734 -758 -814 -849 -916 -1018 -1202 -1418
25 13 34 28 26 15 18 10 10 12 11 17 16 14 12 5 8 5 -2 -2 -16 6 6 1 -2 -5 -6 -6 -10 -11 -12 -14 -14 -14 -16 -18 -21 -21 -23 -26 -28 -28 -30 -31 -33 -33 -34 -36 -73 -38 -123 -47 -40 -46 -109 -120 -150 -204 -179 -258 -190 -204 -220 -265 -266 -261 -279 -281 -295 -312 -334 -359 -378 -396 -416 -430 -483 -509 -544 -576 -605 -636 -662 -690 -722 -747 -786 -836 -897 -969 -1134 -1333 -1557
26 14 24 28 15 14 11 11 9 16 9 11 10 9 16 -2 1 -2 6 4 6 5 -2 1 -3 -8 -9 -10 -11 -13 -14 -16 -18 -20 -20 -20 -23 -23 -24 -25 -28 -31 -57 -33 -34 -33 -34 -37 -37 -41 -42 -42 -52 -123 -163 -177 -161 -186 -219 -234 -234 -248 -240 -253 -278 -285 -289 -305 -326 -349 -370 -390 -409 -425 -439 -484 -516 -552 -581 -610 -642 -659 -697 -726 -751 -782 -825 -868 -929 -1049 -1241 -1457 -1673
28 19 20 8 9 13 11 16 8 3 6 9 18 12 14 10 8 10 11 5 10 -2 -3 -6 -8 -12 -11 -12 -12 -13 -14 -16 -18 -21 -19 -19 -43 -37 -22 -27 -29 -32 -33 -34 -34 -34 -33 -36 -42 -57 -76 -120 -162 -173 -179 -176 -191 -206 -248 -266 -281 -268 -270 -283 -296 -310 -324 -344 -368 -388 -419 -427 -439 -462 -479 -509 -544 -572 -604 -635 -657 -693 -720 -742 -787 -811 -865 -938 -990 -1151 -1354 -1588 -1777
30 19 11 5 8 3 11 17 6 4 -1 16 3 9 4 11 10 8 10 2 1 -2 -6 -8 -15 -13 -12 -13 -14 -15 -15 -17 -19 -23 -22 -27 -27 -28 -28 -30 -32 -32 -33 -36 -37 -36 -36 -43 -67 -113 -140 -171 -167 -175 -190 -207 -211 -234 -267 -245 -261 -296 -318 -328 -335 -351 -367 -390 -419 -454 -455 -465 -468 -488 -519 -542 -563 -598 -638 -665 -698 -721 -754 -772 -807 -836 -906 -963 -1065 -1265 -1472 -1710 -1874
15 12 8 12 10 7 14 2 1 2 -3 4 -2 1 11 9 4 4 -7 -2 -4 -6 -10 -11 -11 -14 -16 -17 -16 -16 -18 -18 -22 -25 -29 -26 -24 -28 -28 -32 -32 -33 -37 -41 -41 -40 -39 -52 -125 -160 -183 -178 -192 -195 -214 -222 -232 -248 -261 -291 -270 -306 -298 -322 -344 -380 -392 -407 -416 -434 -468 -499 -507 -521 -547 -568 -599 -637 -657 -693 -712 -749 -785 -799 -840 -868 -944 -1022 -1169 -1390 -1614 -1827 -1959
9 8 5 4 12 6 -2 9 2 4 1 11 3 13 1 2 4 -4 -4 -2 -9 -10 -11 -14 -13 -15 -15 -18 -18 -22 -20 -24 -27 -29 -32 -33 -35 -33 -33 -34 -38 -38 -41 -40 -42 -43 -44 -53 -171 -197 -192 -205 -196 -216 -238 -246 -257 -259 -278 -273 -300 -313 -320 -345 -369 -373 -430 -441 -441 -458 -491 -509 -529 -556 -578 -601 -635 -655 -694 -718 -758 -766 -790 -823 -895 -907 -981 -1111 -1312 -1500 -1762 -1935 -2063
11 4 13 8 -3 4 4 -3 1 1 6 -5 2 9 -2 -2 -2 -8 -10 -10 -12 -13 -13 -15 -15 -15 -18 -18 -19 -19 -22 -26 -28 -31 -33 -35 -36 -35 -33 -37 -37 -38 -42 -45 -50 -54 -89 -182 -224 -214 -206 -270 -235 -258 -270 -275 -268 -282 -290 -301 -318 -336 -352 -364 -381 -397 -422 -442 -436 -480 -503 -552 -593 -599 -620 -652 -657 -690 -707 -735 -777 -799 -817 -866 -918 -947 -1035 -1227 -1411 -1640 -1920 -2053 -2135
21 11 1 17 17 6 15 -3 -2 -9 -2 1 9 -4 -8 -9 -10 -9 -10 -10 -13 -14 -16 -16 -17 -19 -21 -18 -17 -21 -22 -26 -31 -33 -35 -38 -38 -37 -34 -39 -46 -54 -54 -81 -124 -171 -240 -246 -243 -252 -217 -248 -234 -256 -278 -301 -298 -305 -317 -333 -347 -358 -373 -385 -392 -408 -432 -454 -482 -506 -542 -582 -615 -625 -648 -663 -702 -715 -742 -768 -795 -821 -835 -910 -953 -996 -1082 -1342 -1599 -1877 -2070 -2160 -2167
15 6 5 16 12 12 12 12 2 3 -5 -7 -3 -6 -10 -9 -11 -12 -12 -13 -14 -15 -16 -17 -18 -20 -22 -23 -23 -20 -23 -28 -31 -35 -38 -40 -41 -40 -43 -47 -62 -81 -106 -136 -173 -271 -264 -264 -264 -265 -254 -274 -265 -279 -300 -324 -336 -341 -350 -365 -378 -389 -401 -417 -434 -453 -480 -497 -524 -569 -600 -640 -673 -682 -685 -708 -749 -746 -769 -784 -812 -850 -892 -942 -1005 -1097 -1263 -1518 -1912 -2089 -2162 -2208 -2201
13 2 -2 -10 5 7 1 12 8 -6 2 -4 -3 -10 -12 -13 -12 -12 -13 -15 -15 -18 -17 -19 -19 -21 -24 -25 -24 -25 -26 -29 -33 -37 -39 -40 -40 -45 -53 -67 -84 -110 -137 -174 -248 -315 -294 -287 -287 -288 -289 -285 -296 -306 -341 -368 -381 -379 -387 -388 -402 -419 -431 -446 -466 -487 -502 -539 -571 -591 -633 -669 -694 -718 -739 -748 -768 -797 -804 -827 -849 -897 -943 -993 -1093 -1236 -1444 -1830 -2088 -2174 -2219 -2234 -2247
